0 4.70583 4.70583 4.70583
100 4.73543 4.75094 4.74657
200 4.74506 4.7857 4.77749
300 4.77167 4.81239 4.80539
400 4.78678 4.83469 4.82469
500 4.78385 4.86151 4.85119
600 4.79922 4.87188 4.89093
700 4.80367 4.90838 4.92415
800 4.81285 4.9138 4.92959
900 4.82603 4.94483 4.95586
1000 4.85489 4.93809 4.98278
1100 4.86832 4.98199 4.98424
1200 4.86988 5.01461 5.01004
1300 4.88879 5.03922 5.05863
1400 4.90117 5.0965 5.07915
1500 4.89949 5.12119 5.07802
1600 4.91235 5.10978 5.09084
1700 4.91673 5.13548 5.14741
1800 4.92204 5.15798 5.19467
1900 4.93716 5.1682 5.23191
2000 4.94979 5.16157 5.27851
2100 4.96875 5.13325 5.34133
2200 4.95709 5.1442 5.36804
2300 4.9456 5.19122 5.3661
2400 4.95217 5.19565 5.38258
2500 4.96977 5.14038 5.43894
2600 4.97088 5.14355 5.48794
2700 4.96447 5.12336 5.56681
2800 4.98294 5.15138 5.54527
2900 4.97433 5.16569 5.54697
3000 5.00905 5.17266 5.58075
3100 5.03181 5.15971 5.60057
3200 5.00606 5.20343 5.65159
3300 5.03745 5.19617 5.68356
3400 5.03697 5.18694 5.72807
3500 5.04971 5.14731 5.74814
3600 5.08203 5.15262 5.76133
3700 5.07842 5.19725 5.8295
3800 5.12476 5.18278 5.82087
3900 5.13657 5.19936 5.79622
4000 5.12393 5.14073 5.84252
4100 5.15653 5.15792 5.87504
4200 5.13559 5.2084 5.83101
4300 5.14685 5.22418 5.82912
4400 5.15529 5.29821 5.93097
4500 5.15324 5.33335 5.9471
4600 5.16535 5.32815 5.93677
4700 5.16919 5.32552 6.04456
4800 5.13074 5.32644 6.09896
4900 5.146 5.31934 6.07503
5000 5.12702 5.32145 6.11674
5100 5.14187 5.28337 6.17422
5200 5.15368 5.26178 6.26046
5300 5.18199 5.26277 6.32302
5400 5.16447 5.25741 6.35384
5500 5.21535 5.30711 6.30388
5600 5.20847 5.32232 6.33126
5700 5.19417 5.32948 6.4057
5800 5.18741 5.32416 6.38376
5900 5.17009 5.33134 6.4242
6000 5.19345 5.35227 6.4196
6100 5.16658 5.37458 6.41155
6200 5.2225 5.38084 6.36217
6300 5.1856 5.36335 6.4304
6400 5.19332 5.29743 6.46852
6500 5.22301 5.31024 6.53098
6600 5.22223 5.33296 6.56048
6700 5.21494 5.33921 6.53313
6800 5.23603 5.34326 6.5747
6900 5.245 5.36764 6.57879
7000 5.26924 5.35439 6.57397
7100 5.29583 5.36588 6.60666
7200 5.2673 5.35629 6.6332
7300 5.28986 5.38027 6.70793
7400 5.28748 5.38521 6.75035
7500 5.27682 5.38672 6.74427
7600 5.32531 5.36375 6.69571
7700 5.30298 5.37627 6.74801
7800 5.29358 5.42943 6.7658
7900 5.30847 5.37906 6.77285
8000 5.3496 5.39253 6.79277
8100 5.34502 5.43029 6.7355
8200 5.34291 5.44133 6.69616
8300 5.33678 5.45756 6.71651
8400 5.34283 5.46408 6.71181
8500 5.36356 5.5302 6.71789
8600 5.3756 5.51848 6.71615
8700 5.37568 5.56182 6.78358
8800 5.40138 5.62597 6.79544
8900 5.43847 5.67693 6.77172
9000 5.48884 5.73712 6.73732
9100 5.48565 5.72612 6.70949
9200 5.52096 5.69253 6.74995
9300 5.54331 5.69195 6.78516
9400 5.52617 5.76098 6.85098
9500 5.55919 5.76704 6.89476
9600 5.5697 5.79958 6.88697
9700 5.55628 5.82141 6.91877
9800 5.5373 5.81973 6.9403
9900 5.5886 5.89908 6.90139
10000 5.56302 5.891 6.90166
10100 5.58932 5.9744 6.93846
10200 5.64778 5.94636 6.88499
10300 5.65463 5.95842 6.8378
10400 5.68047 6.01589 6.76337
10500 5.68152 6.03585 6.82065
10600 5.69098 6.03198 6.91466
10700 5.72505 6.04927 6.98737
10800 5.7513 6.10592 6.99435
10900 5.79974 6.13529 6.97064
11000 5.79122 6.12981 6.93324
11100 5.83996 6.13341 6.96886
11200 5.79798 6.18064 6.94149
11300 5.82365 6.1677 6.972
11400 5.90702 6.26884 6.95281
11500 5.91966 6.24398 6.96115
11600 5.97713 6.25185 6.88725
11700 6.02192 6.25679 6.82902
11800 6.00526 6.28896 6.82886
11900 5.95408 6.28947 6.88281
12000 6.00006 6.24172 6.9199
12100 6.05785 6.19666 6.94869
12200 6.11527 6.19192 6.9615
12300 6.14771 6.19683 6.92423
12400 6.19022 6.19294 6.95692
12500 6.18949 6.20866 6.96049
12600 6.16463 6.27702 6.96742
12700 6.19755 6.34435 6.93471
12800 6.21829 6.29084 6.94567
12900 6.21136 6.26388 6.9673
13000 6.29558 6.30228 7.00379
13100 6.31689 6.36585 7.02743
13200 6.36587 6.339 7.0324
13300 6.30908 6.29056 7.0887
13400 6.25986 6.30071 7.13074
13500 6.24302 6.35862 7.07279
13600 6.28338 6.38059 7.0738
13700 6.30805 6.44468 7.0576
13800 6.38014 6.44081 7.05793
13900 6.31787 6.42568 7.02608
14000 6.35302 6.45241 7.01077
14100 6.32114 6.43348 6.99811
14200 6.33739 6.38971 7.02651
14300 6.39869 6.39064 7.11534
14400 6.38122 6.37039 7.01629
14500 6.41031 6.42542 7.03426
14600 6.38762 6.43869 7.00378
14700 6.35182 6.5203 7.02029
14800 6.33292 6.46728 6.95053
14900 6.31666 6.46678 6.95945
15000 6.35865 6.46633 6.94708
15100 6.39458 6.52427 6.9463
15200 6.39157 6.53103 6.90412
15300 6.38245 6.54055 6.90436
15400 6.38369 6.572 6.90074
15500 6.41926 6.49743 6.93786
15600 6.44525 6.52955 6.97555
15700 6.47113 6.54549 6.94363
15800 6.50777 6.5321 6.94169
15900 6.55659 6.57508 6.9322
16000 6.55481 6.55008 6.96371
16100 6.52838 6.54784 6.92778
16200 6.53446 6.59917 6.89021
16300 6.56589 6.61691 6.95223
16400 6.62561 6.59249 6.96405
16500 6.5591 6.63067 7.0068
16600 6.49398 6.70286 7.03674
16700 6.44492 6.71525 7.00222
16800 6.49518 6.73008 6.94206
16900 6.5169 6.68897 6.94922
17000 6.48751 6.69411 6.87458
17100 6.48161 6.71938 6.9106
17200 6.54026 6.80367 6.91817
17300 6.56204 6.88378 6.94181
17400 6.62966 6.8537 6.97316
17500 6.63837 6.87363 6.95992
17600 6.65049 6.89195 6.97007
17700 6.68486 6.90186 7.00735
17800 6.63574 6.85825 7.0605
17900 6.66371 6.82886 7.05149
18000 6.70221 6.8936 6.97498
18100 6.80426 6.94035 6.99032
18200 6.75757 6.9126 7.0259
18300 6.80236 6.93266 7.00016
18400 6.81563 6.9063 6.95792
18500 6.80217 6.89394 6.97153
18600 6.84895 6.89472 7.00649
18700 6.81872 6.90857 7.00593
18800 6.83497 6.87308 6.98448
18900 6.85696 6.91051 6.99065
19000 6.87096 6.91452 7.05971
19100 6.91694 6.91326 7.0772
19200 6.94216 6.86342 7.06579
19300 7.01968 6.86758 7.11131
19400 7.02766 6.8743 7.09634
19500 7.02732 6.91885 7.07507
19600 7.02643 6.96143 7.06646
19700 7.06029 6.96156 7.0892
19800 7.08814 6.94499 7.11182
19900 7.09304 6.94527 7.15321
20000 7.08029 6.99785 7.18259
