         0      4.6995     3.83441     4.29087      3.3251
       100     4.72887     3.81937     4.31444     3.39447
       200      4.7502     3.83936     4.35345     3.38166
       300     4.74878      3.8367     4.34284      3.3943
       400     4.77583     3.83523     4.38073     3.42305
       500     4.77656     3.84211     4.39005     3.40539
       600     4.80686     3.85958     4.42474     3.42595
       700     4.81319     3.85584     4.42838     3.44319
       800     4.80043     3.83468     4.43149     3.42714
       900      4.8251     3.84866     4.45556     3.44947
      1000     4.85131     3.85528     4.49247     3.46771
      1100     4.84042     3.84304     4.48031     3.46659
      1200     4.85994     3.85335     4.50125      3.4826
      1300     4.87351     3.86202     4.52359     3.48197
      1400     4.86944     3.87343     4.51412     3.47019
      1500     4.90944     3.91772     4.56341      3.4687
      1600     4.89836     3.92719     4.54186     3.45493
      1700     4.90198     3.91914     4.54091     3.47554
      1800     4.91717     3.93959     4.54755     3.48662
      1900     4.93724     3.95999     4.57809     3.48027
      2000     4.93247     3.95911      4.5726     3.47495
      2100     4.93195     3.97222     4.57822     3.45103
      2200     4.95704     4.00599     4.61918     3.42923
      2300     4.97976      4.0261      4.6391     3.44461
      2400     4.99022      4.0477     4.66746     3.41107
      2500     4.99107     4.06172     4.66898     3.39478
      2600     4.99567     4.08452     4.67636     3.37072
      2700     5.01301     4.08869     4.68622     3.40331
      2800     5.01585     4.10584     4.69373     3.38061
      2900     5.04425     4.13405     4.72699     3.38439
      3000     5.06101     4.16265     4.75403     3.36143
      3100     5.07933     4.17182     4.77102      3.3812
      3200     5.05131     4.16848     4.73786     3.34784
      3300     5.06676     4.19119     4.76665     3.32521
      3400     5.07778     4.19118     4.77521     3.34652
      3500     5.07456     4.22914     4.77392     3.29035
      3600     5.08457     4.23378     4.78566      3.2982
      3700     5.08832     4.26195     4.78339     3.27672
      3800     5.09808     4.25513      4.7972      3.2957
      3900      5.0724     4.24486     4.76723      3.2731
      4000      5.0697     4.22871     4.77673     3.27177
      4100     5.09572     4.23296     4.81221     3.29505
      4200     5.07993     4.22796     4.80379     3.26487
      4300     5.05864     4.22382     4.77247     3.24999
      4400      5.0639     4.23986     4.76975     3.24948
      4500     5.06568     4.23286     4.77513     3.25626
      4600     5.07306     4.24575     4.77696     3.25977
      4700     5.04023     4.21676     4.73843     3.25176
      4800      5.0726     4.25718     4.76094     3.26686
      4900     5.08532     4.24246     4.78335     3.29272
      5000     5.06229     4.22492     4.76906     3.26492
      5100     5.05826     4.23211     4.75421     3.26478
      5200      5.0206      4.2301     4.70766     3.21826
      5300     5.00751     4.20787     4.68609       3.238
      5400     5.02566     4.22285     4.70518     3.24706
      5500     5.00793      4.2131     4.67464     3.24904
      5600     5.01818     4.23288      4.6839     3.24163
      5700     5.03356     4.24519     4.71285     3.23122
      5800     5.02557     4.25895      4.7113     3.19024
      5900     5.08455     4.28683     4.77719     3.24143
      6000     5.08176     4.27562      4.7851      3.2358
      6100     5.06835     4.26932     4.77181     3.22166
      6200     5.09372     4.27206     4.80026     3.25561
      6300     5.07111     4.28137     4.77847     3.20443
      6400     5.09533     4.30519      4.8044     3.21057
      6500     5.10116     4.28765     4.82395     3.22323
      6600     5.10348     4.26633     4.83293     3.24536
      6700     5.11311     4.28435     4.84468      3.2344
      6800     5.10904     4.29229     4.84234     3.21444
      6900     5.12182     4.28641      4.8532     3.24641
      7000     5.10987     4.31207     4.83937     3.19501
      7100     5.06186     4.28035     4.79156     3.15665
      7200     5.10034     4.29716     4.83411     3.19262
      7300     5.10426     4.28762     4.83064     3.22308
      7400     5.10581     4.30363     4.83784     3.19571
      7500     5.11834     4.33024      4.8541     3.17516
      7600     5.12853     4.33094     4.86578     3.18916
      7700     5.14182     4.36598     4.88116     3.16055
      7800     5.11743     4.35921     4.85234     3.13501
      7900     5.10186     4.37162     4.83526     3.09309
      8000     5.09802      4.3781     4.83587     3.07021
      8100     5.09816     4.38522     4.83571     3.06075
      8200      5.0693     4.36105     4.81465      3.0325
      8300     5.08107     4.36705     4.81723     3.05904
      8400     5.08077     4.37234     4.81608     3.05228
      8500     5.07596     4.39363     4.80594     3.02154
      8600     5.10043     4.40428     4.83394     3.04369
      8700     5.11259     4.40459      4.8495     3.05925
      8800     5.13181     4.39797     4.87053     3.09947
      8900     5.15087      4.4064     4.89373     3.11415
      9000     5.18743     4.43785     4.93587     3.12433
      9100     5.18451     4.39985        4.93     3.17721
      9200     5.17563     4.40129     4.91138      3.1751
      9300     5.17879     4.40699     4.91289     3.17516
      9400       5.187     4.42097     4.91527     3.17885
      9500      5.1926     4.43199     4.92362     3.16885
      9600      5.1852      4.4385     4.91443     3.14972
      9700     5.15415     4.39895     4.88492     3.14917
      9800     5.15489     4.42336     4.87501     3.13273
      9900      5.2126     4.44329     4.94751     3.18149
     10000     5.22384     4.47149     4.94168     3.18789
     10100      5.1918     4.44519     4.91496     3.16117
     10200     5.20629     4.44839     4.92199     3.19324
     10300     5.25071      4.4302     4.97636     3.27858
     10400     5.24826     4.43476     4.97817     3.26178
     10500     5.23625     4.45756     4.96382      3.2136
     10600     5.22328     4.43176     4.93918     3.24488
     10700     5.25148     4.44456     4.97704     3.26051
     10800     5.22966     4.45335     4.95811      3.2068
     10900     5.22518     4.45803      4.9381     3.21655
     11000     5.21973     4.47916     4.93238     3.17804
     11100     5.18828     4.45723     4.91015     3.14006
     11200     5.20236     4.46563     4.91666     3.16443
     11300     5.18077     4.45374     4.90419      3.1295
     11400     5.20951     4.49555     4.91749     3.14424
     11500     5.21062     4.50812     4.91702     3.13064
     11600     5.22577     4.50742     4.93043     3.16092
     11700     5.22645     4.51528     4.93634     3.14267
     11800     5.19961     4.47807     4.91926     3.13364
     11900     5.19161     4.49393     4.91992     3.08296
     12000     5.21607     4.51924     4.94252     3.09238
     12100     5.21644     4.52475     4.92639     3.11123
     12200     5.19453     4.52767     4.90266      3.0709
     12300      5.2332     4.53992     4.93554     3.13088
     12400     5.24971     4.54378     4.94751      3.1615
     12500     5.25323     4.55347     4.94603     3.16156
     12600     5.28579     4.56169      4.9741     3.21379
     12700     5.30666     4.55407     5.00529     3.24482
     12800     5.29578     4.56415      4.9959     3.20937
     12900     5.28291     4.53869     4.99474     3.20486
     13000     5.30869     4.55395     5.02509     3.22093
     13100     5.34166      4.5646     5.06628     3.25023
     13200     5.36577     4.60175     5.08349     3.25039
     13300     5.30399     4.54695      5.0101     3.23864
     13400      5.2963     4.53975     5.01052     3.22289
     13500     5.31948     4.54781     5.03592     3.24816
     13600     5.30253     4.52737     5.02163     3.24343
     13700      5.2625     4.49654     4.98869     3.20655
     13800     5.31394     4.52827      5.0348     3.25906
     13900     5.26715     4.53544       4.994     3.15842
     14000     5.21769     4.51583     4.92805     3.12571
     14100     5.21012     4.52406     4.91252       3.113
     14200     5.22105      4.5137      4.9228     3.14823
     14300     5.19414     4.50028     4.88501     3.13724
     14400     5.20744     4.49407     4.91267     3.14705
     14500     5.24717     4.49943     4.95809     3.19968
     14600     5.21836     4.48363     4.93117      3.1691
     14700     5.22203      4.4857     4.92506     3.18771
     14800     5.21286     4.49146     4.90764     3.17641
     14900     5.21529     4.48444     4.92705     3.16426
     15000     5.22998      4.4921     4.94828     3.16876
     15100     5.27078     4.51067     4.98971     3.21231
     15200     5.27814     4.51663     5.00686     3.20139
     15300     5.29395     4.51469     5.03419     3.21345
     15400     5.31095     4.53106     5.05689     3.21087
     15500     5.29224     4.54369     5.03614      3.1635
     15600     5.30067     4.54591     5.05352     3.16082
     15700      5.2986     4.59311      5.0296     3.12359
     15800     5.31572     4.59487     5.05504     3.13807
     15900     5.32913     4.61826     5.06322     3.13603
     16000     5.33151     4.63249     5.07798     3.09906
     16100     5.38155     4.65459     5.11747     3.17308
     16200     5.36309     4.64894     5.09538     3.15435
     16300     5.31829     4.59112     5.05932     3.14535
     16400     5.30392     4.57142     5.05047     3.13975
     16500     5.29963     4.57503     5.04058     3.13588
     16600     5.31686     4.60881      5.0628     3.10883
     16700     5.27654     4.56381     5.02844     3.09359
     16800     5.23466     4.56653      4.9703     3.04076
     16900     5.23439     4.55534     4.97199     3.05384
     17000     5.22037     4.52525      4.9513     3.08403
     17100     5.19514      4.4798     4.92835     3.10188
     17200      5.2123     4.50079     4.95422     3.08784
     17300     5.18606     4.50701     4.91723      3.0493
     17400     5.18682     4.51189      4.9054     3.06368
     17500     5.17992     4.48808     4.89912     3.08527
     17600     5.15409     4.45677     4.87303     3.08545
     17700     5.14441     4.46519     4.86512      3.0533
     17800     5.12693     4.47879     4.84929     2.99927
     17900     5.11352     4.47158      4.8362     2.98535
     18000     5.16762     4.51911     4.88651     3.01799
     18100     5.16557     4.50636     4.89082     3.02303
     18200     5.17293     4.52069     4.89263     3.02391
     18300     5.14553      4.5255     4.86725     2.96356
     18400      5.1553     4.52102     4.87237     2.99575
     18500     5.18487     4.51836     4.89998     3.05622
     18600      5.1841     4.53861     4.90508     3.01512
     18700     5.15551     4.52872     4.88003     2.97228
     18800     5.16125     4.52432     4.88385      2.9926
     18900     5.18199     4.54224     4.90282     3.00607
     19000     5.17542       4.544     4.90135     2.98306
     19100     5.22011      4.5879     4.94097     3.00618
     19200     5.24354     4.63649     4.96737     2.96947
     19300     5.24046      4.6125     4.96437     3.00079
     19400     5.23215      4.6164     4.95298     2.98455
     19500     5.11794     4.51565     4.82025     2.95986
     19600     5.14143      4.5331     4.85342      2.9604
     19700     5.12905      4.4976     4.85046     2.97639
     19800     5.13312     4.49286     4.86266     2.97768
     19900     5.11384     4.48117     4.83522     2.97363
     20000     5.12704      4.4534     4.85345     3.03056
