         0      4.6995     3.83441     4.29087      3.3251
       100     4.73601     3.82495     4.33541     3.38136
       200     4.75148     3.82024     4.36501       3.392
       300     4.77418     3.84158     4.38801     3.40194
       400     4.80161     3.85836      4.4172     3.42231
       500     4.80355     3.85883     4.41326     3.43231
       600     4.80835     3.86016     4.40996     3.44845
       700     4.81965      3.8515     4.43149     3.46207
       800      4.8351     3.86438     4.46611     3.44626
       900     4.83866     3.86161     4.47779     3.44422
      1000     4.84038     3.86647     4.47452     3.44784
      1100     4.86917     3.89322     4.50888     3.45405
      1200     4.91949     3.93183     4.57116     3.47103
      1300     4.90506      3.9286     4.56708     3.43906
      1400      4.9082     3.96568     4.55795      3.4175
      1500     4.94493     3.98032     4.60895     3.43791
      1600     4.95887     4.00982     4.63016     3.41521
      1700     4.94641     3.99322      4.6135     3.42108
      1800     4.96291     4.02795     4.62756     3.40914
      1900     4.96648      4.0617      4.6344     3.36997
      2000     5.00959     4.10613     4.67659     3.38543
      2100     5.00344     4.10557     4.67653     3.36796
      2200     5.02553     4.13254     4.69753     3.37154
      2300      5.0076     4.13356     4.68417      3.3353
      2400     5.01587     4.12794     4.70313     3.34045
      2500     5.03516     4.15755     4.72661      3.3286
      2600     5.07309     4.18478     4.78262     3.32967
      2700     5.08011     4.19788     4.79685     3.31406
      2800     5.09931     4.21936     4.81375     3.32124
      2900     5.12655     4.23932     4.85105     3.32542
      3000     5.10704     4.24852     4.83646     3.27451
      3100     5.09886     4.25458     4.82806     3.25346
      3200     5.08543     4.25781     4.81318     3.22918
      3300     5.09511     4.27108     4.82697      3.2216
      3400     5.07067      4.2271     4.79594     3.24871
      3500     5.08294      4.2479     4.80025     3.25354
      3600      5.0946     4.22984     4.82917     3.27071
      3700     5.09238     4.20832     4.82198     3.30199
      3800     5.11206      4.2537     4.84035     3.27772
      3900     5.12457     4.26196     4.84597     3.29769
      4000     5.15735     4.27165     4.88753      3.3259
      4100     5.15883     4.29061     4.88708     3.30668
      4200     5.14619     4.26584     4.87129      3.3226
      4300     5.12165     4.26654     4.84213      3.2883
      4400     5.13907     4.28149     4.84982     3.31182
      4500     5.17248     4.32945     4.87944     3.30998
      4600     5.15169     4.29287     4.85234     3.33255
      4700     5.19555     4.34031     4.89966     3.33803
      4800     5.18775     4.33677      4.8929      3.3283
      4900     5.15962     4.29114     4.86384     3.34254
      5000     5.18294     4.31086     4.89819     3.33915
      5100     5.17383     4.32539     4.88987     3.30412
      5200     5.20369     4.34191     4.92801     3.31955
      5300      5.1925     4.35429     4.91413     3.28872
      5400     5.19159     4.36753     4.91003     3.27437
      5500     5.19971     4.37858     4.93414     3.24906
      5600     5.22303      4.3759     4.96638     3.27821
      5700     5.23079     4.34743     4.98158     3.31754
      5800     5.22264     4.36577     4.96555      3.2917
      5900     5.20266     4.33019     4.96366     3.27826
      6000     5.22939     4.36161     4.98724     3.28586
      6100     5.19538     4.33886      4.9501     3.26417
      6200     5.19073     4.32933     4.95972     3.24739
      6300     5.22059     4.35303     4.99872      3.2516
      6400      5.2227     4.35473     4.99941     3.25508
      6500     5.18382     4.34122     4.95369     3.21849
      6600       5.151     4.35218     4.90889     3.16653
      6700     5.18294     4.36523     4.94351     3.19876
      6800     5.17658     4.37457     4.92981     3.18654
      6900     5.16062     4.39941     4.90742     3.13471
      7000     5.18175       4.402     4.92962     3.16582
      7100     5.18347     4.40234     4.93836     3.15733
      7200     5.22006     4.43002     4.97421     3.18281
      7300     5.18907     4.40152     4.94135     3.17215
      7400     5.18738     4.41385     4.92945     3.16802
      7500     5.19074      4.4135     4.94513     3.15503
      7600     5.16952     4.41235      4.9155     3.13321
      7700     5.17379     4.39115     4.92542     3.16135
      7800     5.16962     4.41505     4.91442      3.1314
      7900     5.20731     4.40082     4.95464     3.21194
      8000     5.16661     4.39055     4.90674     3.16774
      8100     5.16673     4.42483     4.89717      3.1351
      8200     5.15874     4.40318     4.90597     3.12549
      8300     5.15394     4.42213     4.89896     3.09373
      8400     5.11352      4.3828     4.86402     3.07059
      8500     5.14358     4.37969     4.90362     3.11219
      8600     5.13327     4.39943     4.89651     3.06106
      8700     5.14346     4.40502     4.90289     3.07699
      8800     5.15691     4.41493     4.90663     3.10176
      8900     5.17311     4.42081      4.9276     3.11406
      9000     5.22095     4.43674     4.98508     3.15926
      9100     5.18462      4.4209     4.93757     3.13634
      9200     5.16827     4.44549     4.92359     3.06887
      9300     5.16305      4.4414     4.90933     3.08003
      9400     5.18139      4.4654     4.93801     3.06101
      9500     5.17485      4.4715     4.93092     3.04137
      9600     5.17849     4.46744     4.93646     3.05072
      9700     5.19931     4.44642     4.96308     3.10853
      9800     5.23893     4.47295     4.99469     3.15255
      9900     5.19147     4.44097     4.94036     3.12624
     10000     5.19397     4.44104     4.95112     3.11743
     10100     5.16904     4.43942     4.92268     3.08167
     10200     5.17119     4.46584     4.91554     3.06206
     10300     5.17506     4.47031     4.92121     3.05949
     10400     5.15284     4.43725     4.91115     3.04878
     10500     5.17683     4.45075     4.94988     3.04774
     10600     5.21314     4.44944     4.98427     3.11659
     10700     5.20443     4.44591      4.9659     3.12184
     10800     5.20461     4.42964     4.96182      3.1519
     10900     5.16538     4.40355     4.92655     3.11452
     11000     5.19482     4.42736     4.95774     3.12915
     11100     5.15453     4.41004      4.9173     3.08384
     11200      5.1799     4.41753     4.94911     3.10717
     11300     5.19273     4.41574     4.96061     3.13409
     11400     5.16162     4.39859     4.92679     3.10866
     11500      5.1611     4.41496     4.92531       3.086
     11600      5.1786     4.41815     4.94631     3.10641
     11700      5.1393     4.39616      4.8942     3.08954
     11800     5.19201     4.41076      4.9444     3.16417
     11900     5.22524     4.42208     4.97056     3.21638
     12000     5.20254     4.40482     4.95204     3.19495
     12100     5.16697     4.41105     4.91646      3.1251
     12200     5.15644     4.41571     4.90396     3.10329
     12300     5.17591     4.42979     4.92512     3.11454
     12400     5.20834     4.43837     4.97127       3.137
     12500     5.18158     4.42397     4.94298     3.11335
     12600     5.18436     4.42922     4.93898     3.12149
     12700     5.19284     4.43105     4.95322     3.12449
     12800     5.16151     4.42775     4.91456     3.08617
     12900     5.14646     4.42002     4.90061     3.06913
     13000     5.11894     4.39593     4.86859     3.06264
     13100     5.14066     4.41244      4.8771      3.0979
     13200     5.14919     4.42625     4.87826     3.10473
     13300     5.21701     4.44153     4.95175     3.19176
     13400     5.18214     4.42139     4.90669     3.17566
     13500     5.21302     4.45415     4.94365     3.17363
     13600     5.22319     4.46396     4.94979     3.18369
     13700     5.20017     4.45302     4.92017     3.16955
     13800     5.15431     4.44041     4.87128     3.11243
     13900     5.16585     4.45166     4.87935     3.12195
     14000     5.21914     4.52012     4.93728     3.10976
     14100     5.25207     4.51332     4.97592     3.16838
     14200     5.25541      4.5124     4.98148     3.17201
     14300     5.31607     4.54227     5.04864     3.22492
     14400     5.33602     4.58013     5.06871     3.20575
     14500     5.36216     4.57731     5.10025     3.24671
     14600     5.39957     4.54885     5.14467     3.33933
     14700     5.34076     4.56232     5.06699     3.24937
     14800     5.27737     4.52676     5.00174     3.19253
     14900     5.30474     4.53565     5.02766     3.22972
     15000     5.33375     4.54341     5.06029     3.26322
     15100     5.35599     4.54129     5.08267     3.30401
     15200     5.39808      4.5705     5.11503     3.35044
     15300     5.40708     4.57435     5.13347     3.34602
     15400     5.40949     4.56801     5.14044     3.35177
     15500     5.43735     4.58958     5.16673     3.37196
     15600     5.41399     4.59899     5.13969     3.32497
     15700     5.37439     4.56471     5.09265     3.31608
     15800     5.40687     4.58624      5.1315     3.33205
     15900      5.3955     4.64297     5.09924     3.26551
     16000     5.42953     4.62968     5.14261     3.32855
     16100     5.41463     4.61819     5.11441     3.33939
     16200     5.37897     4.60806     5.09015     3.27458
     16300     5.36831     4.61902     5.08063     3.23876
     16400     5.36376     4.61914     5.08466     3.21707
     16500     5.33875     4.61716     5.05479     3.18362
     16600     5.38294     4.63005     5.11259     3.22123
     16700     5.37602     4.59193     5.12173     3.23809
     16800     5.32797     4.57701     5.06507     3.18912
     16900     5.36589     4.60698     5.11272     3.19709
     17000     5.37467     4.61753     5.12364     3.19386
     17100     5.36373     4.62199      5.0932     3.19933
     17200      5.3893     4.63479     5.11792     3.22719
     17300     5.43758     4.64712     5.18939     3.25716
     17400     5.42483     4.63876     5.16841     3.25991
     17500     5.39432     4.61453     5.13836     3.24047
     17600     5.42248     4.65034     5.16372     3.24298
     17700      5.4571     4.68299     5.20105     3.25248
     17800     5.41672     4.67109     5.14397     3.22526
     17900     5.43823     4.67575     5.16895     3.25085
     18000     5.44019     4.68671     5.16384     3.24975
     18100     5.45479      4.6778     5.17774     3.28919
     18200     5.46182      4.6535     5.17422     3.35191
     18300      5.4356     4.64139      5.1492     3.32183
     18400     5.45812     4.63108     5.17755     3.36574
     18500     5.50335     4.67322       5.215     3.39683
     18600     5.54095     4.68301     5.25436     3.44461
     18700     5.58483     4.68366     5.31498     3.49213
     18800      5.5194     4.69023     5.25333     3.36628
     18900     5.49701     4.67699     5.21855     3.36551
     19000     5.45453     4.63361     5.19007     3.33116
     19100     5.49919     4.67328      5.2343     3.35332
     19200     5.50024     4.65743     5.22297     3.39621
     19300     5.51507     4.70468     5.23758     3.35645
     19400     5.51762     4.70434     5.23229     3.37352
     19500     5.50783     4.68602     5.21266      3.3973
     19600     5.50871     4.71494     5.19554     3.38638
     19700     5.55995     4.74069     5.25985     3.41848
     19800     5.55901     4.74345     5.25698       3.416
     19900      5.4996     4.72363     5.18501     3.36068
     20000     5.49614     4.72078     5.18591     3.35197
