0 4.70583 4.70583 4.70583
100 4.72448 4.74904 4.75506
200 4.72696 4.7434 4.74278
300 4.74006 4.7658 4.7621
400 4.72973 4.79081 4.76296
500 4.72301 4.80633 4.77316
600 4.70257 4.81519 4.79265
700 4.72495 4.83433 4.79635
800 4.73086 4.84932 4.80064
900 4.74626 4.84719 4.81966
1000 4.7466 4.86499 4.83801
1100 4.7534 4.88296 4.83995
1200 4.75657 4.87998 4.83782
1300 4.76115 4.91084 4.84409
1400 4.7512 4.90713 4.87409
1500 4.77231 4.93292 4.90165
1600 4.76211 4.93318 4.87053
1700 4.78337 4.95301 4.87398
1800 4.79033 4.98373 4.90763
1900 4.77985 4.9921 4.92919
2000 4.79862 4.97926 4.92105
2100 4.82453 4.97979 4.93461
2200 4.80953 4.98953 4.95836
2300 4.83391 4.96496 4.95798
2400 4.86072 4.95417 4.95302
2500 4.83678 4.97012 4.9718
2600 4.86535 4.95329 4.97826
2700 4.88638 4.94005 4.96237
2800 4.89564 4.93544 4.97276
2900 4.93343 4.98013 4.99857
3000 4.92 5.01681 4.9965
3100 4.91314 5.0066 5.03104
3200 4.90702 5.05854 5.01296
3300 4.93307 5.0433 5.04075
3400 4.90917 5.06117 5.07031
3500 4.94518 5.05246 5.06841
3600 4.92273 5.06752 5.07374
3700 4.92133 5.07638 5.10221
3800 4.92631 5.04624 5.115
3900 4.9694 5.06589 5.1064
4000 4.96699 5.07 5.07756
4100 4.96466 5.09313 5.0974
4200 4.96911 5.13148 5.07619
4300 4.9727 5.13118 5.07519
4400 4.99386 5.14785 5.04324
4500 5.01255 5.12959 5.06684
4600 4.99206 5.16826 5.07732
4700 5.0086 5.21896 5.06505
4800 5.02969 5.21854 5.09911
4900 5.0267 5.22583 5.1163
5000 5.04781 5.26533 5.07699
5100 5.02782 5.29465 5.1106
5200 5.04171 5.35088 5.05515
5300 5.036 5.34535 5.08103
5400 5.03578 5.37947 5.06704
5500 5.06844 5.33725 5.05678
5600 5.05063 5.36825 5.06547
5700 5.05557 5.37018 5.07022
5800 5.04054 5.37157 5.10767
5900 5.03773 5.35439 5.08271
6000 5.04482 5.37399 5.087
6100 5.03947 5.3913 5.06056
6200 5.02714 5.41155 5.05793
6300 5.02928 5.38765 5.04269
6400 5.03075 5.40889 5.03144
6500 5.02241 5.44661 5.01103
6600 5.03368 5.44441 5.00461
6700 5.05336 5.49094 5.04284
6800 5.06315 5.5155 5.04707
6900 5.04607 5.52583 5.07135
7000 5.0472 5.53083 5.09305
7100 5.04583 5.50822 5.1075
7200 5.06637 5.50039 5.13235
7300 5.05362 5.5618 5.1365
7400 5.06368 5.58407 5.14451
7500 5.05694 5.64006 5.12093
7600 5.03049 5.64164 5.11227
7700 5.04347 5.69938 5.11383
7800 5.05191 5.75146 5.12053
7900 5.0716 5.68837 5.12238
8000 5.07082 5.68956 5.10179
8100 5.09648 5.68782 5.11677
8200 5.06662 5.65429 5.11895
8300 5.0789 5.69185 5.10889
8400 5.07251 5.78508 5.08732
8500 5.09597 5.78446 5.07438
8600 5.09369 5.73886 5.12868
8700 5.09124 5.74006 5.0992
8800 5.08665 5.73657 5.07852
8900 5.09409 5.73146 5.06011
9000 5.10733 5.69644 5.08605
9100 5.1086 5.73582 5.06386
9200 5.09838 5.7398 5.06788
9300 5.12462 5.72194 5.0896
9400 5.12479 5.69 5.10621
9500 5.12882 5.69853 5.11959
9600 5.11843 5.76346 5.15143
9700 5.12961 5.8339 5.15814
9800 5.14463 5.83884 5.15484
9900 5.12763 5.8315 5.15172
10000 5.14875 5.85776 5.12861
10100 5.09718 5.8397 5.15504
10200 5.1026 5.8843 5.14813
10300 5.10663 5.87747 5.16298
10400 5.09631 5.87049 5.1116
10500 5.10004 5.86909 5.10761
10600 5.10414 5.85459 5.1089
10700 5.12576 5.8802 5.09089
10800 5.10041 5.90963 5.12355
10900 5.10041 5.95379 5.11112
11000 5.0939 5.93391 5.11214
11100 5.11771 5.92966 5.11305
11200 5.11838 5.98012 5.11328
11300 5.12066 5.98286 5.12698
11400 5.08961 6.04381 5.08878
11500 5.11641 6.08621 5.09635
11600 5.12621 6.12054 5.09814
11700 5.09241 6.1309 5.1413
11800 5.09816 6.19637 5.11402
11900 5.08569 6.11153 5.09559
12000 5.10759 6.01997 5.15546
12100 5.10744 5.97389 5.15435
12200 5.08876 6.03267 5.14122
12300 5.12723 6.0265 5.16162
12400 5.09181 6.04815 5.14549
12500 5.08902 6.05896 5.14592
12600 5.11081 6.02322 5.15875
12700 5.09923 6.03921 5.12402
12800 5.08591 6.06603 5.1231
12900 5.10178 6.11361 5.15651
13000 5.0939 6.10484 5.1522
13100 5.07796 6.05942 5.1589
13200 5.08597 6.11376 5.13397
13300 5.09751 6.1226 5.13814
13400 5.09809 6.14197 5.15707
13500 5.08481 6.08049 5.16193
13600 5.08414 6.11476 5.15362
13700 5.07739 6.1014 5.1768
13800 5.1205 6.11654 5.15737
13900 5.11725 6.12333 5.14486
14000 5.12782 6.11234 5.14175
14100 5.12452 6.09562 5.12759
14200 5.12194 6.0156 5.14628
14300 5.11613 6.05898 5.17095
14400 5.11518 6.04295 5.17225
14500 5.10839 5.99236 5.14808
14600 5.1145 6.00866 5.12675
14700 5.11266 6.02763 5.09049
14800 5.09139 6.04399 5.07718
14900 5.10028 5.97823 5.10459
15000 5.09757 5.96694 5.09643
15100 5.12686 5.98986 5.13628
15200 5.1084 5.99845 5.10486
15300 5.12503 5.9821 5.10643
15400 5.14545 6.0146 5.15996
15500 5.12557 6.03171 5.17236
15600 5.13831 6.08043 5.15725
15700 5.14747 6.12412 5.17421
15800 5.1239 6.11579 5.16025
15900 5.13095 6.11626 5.17202
16000 5.14764 6.11174 5.21516
16100 5.13621 6.09817 5.18285
16200 5.14585 6.06742 5.20992
16300 5.14433 6.09866 5.19793
16400 5.15489 6.07585 5.22017
16500 5.17769 6.06101 5.24471
16600 5.18977 6.16202 5.18922
16700 5.19543 6.16102 5.20199
16800 5.18105 6.17543 5.23305
16900 5.19757 6.16687 5.26556
17000 5.18695 6.15726 5.30466
17100 5.18839 6.21637 5.34449
17200 5.205 6.20155 5.33149
17300 5.18282 6.18973 5.36387
17400 5.18736 6.20597 5.35189
17500 5.20758 6.20955 5.36013
17600 5.19002 6.21957 5.36211
17700 5.22697 6.27712 5.31356
17800 5.22214 6.26893 5.31262
17900 5.21918 6.27741 5.31867
18000 5.19907 6.20075 5.33948
18100 5.21416 6.18662 5.38916
18200 5.25671 6.20158 5.41282
18300 5.22145 6.24039 5.45561
18400 5.2515 6.26219 5.48379
18500 5.26115 6.25842 5.53596
18600 5.25854 6.31167 5.50872
18700 5.26989 6.3172 5.54014
18800 5.26717 6.26677 5.49629
18900 5.26244 6.22858 5.55241
19000 5.27979 6.21852 5.52145
19100 5.2808 6.28491 5.50713
19200 5.28717 6.34443 5.54439
19300 5.27974 6.32962 5.54134
19400 5.2979 6.34124 5.47498
19500 5.29196 6.27559 5.43254
19600 5.3277 6.34632 5.40022
19700 5.33812 6.35534 5.38331
19800 5.32651 6.30602 5.41686
19900 5.34784 6.30201 5.44331
20000 5.35576 6.32172 5.4537
