0 4.70583 4.70583 4.70583
100 4.72667 4.7515 4.74483
200 4.75408 4.7418 4.76486
300 4.74545 4.74852 4.79539
400 4.75548 4.74156 4.80259
500 4.7405 4.7425 4.82066
600 4.77335 4.74611 4.81064
700 4.76696 4.78396 4.80636
800 4.78207 4.7622 4.79321
900 4.7982 4.74676 4.80781
1000 4.80152 4.77386 4.81377
1100 4.81919 4.77035 4.82871
1200 4.81735 4.76898 4.83215
1300 4.84579 4.75218 4.82126
1400 4.83777 4.75835 4.82781
1500 4.83821 4.75234 4.84353
1600 4.8258 4.77086 4.83202
1700 4.8423 4.79889 4.87288
1800 4.85911 4.82181 4.86704
1900 4.87315 4.83429 4.87078
2000 4.85621 4.82798 4.84679
2100 4.8806 4.82469 4.84959
2200 4.86941 4.82488 4.83931
2300 4.86165 4.83819 4.85335
2400 4.85573 4.83851 4.87907
2500 4.87097 4.85606 4.8791
2600 4.85408 4.86065 4.87415
2700 4.84769 4.86735 4.8976
2800 4.85234 4.86781 4.90987
2900 4.80815 4.87558 4.91923
3000 4.82732 4.86017 4.92714
3100 4.82232 4.86405 4.93235
3200 4.85052 4.87127 4.9211
3300 4.84877 4.86078 4.91425
3400 4.84377 4.82511 4.89184
3500 4.86174 4.82865 4.894
3600 4.89729 4.8404 4.90143
3700 4.88709 4.86627 4.88514
3800 4.88726 4.87144 4.89285
3900 4.91408 4.87135 4.8864
4000 4.90504 4.89456 4.88203
4100 4.87159 4.90513 4.88191
4200 4.89445 4.91055 4.85064
4300 4.88735 4.91203 4.86221
4400 4.88474 4.90402 4.86687
4500 4.87053 4.91187 4.87138
4600 4.88785 4.89599 4.88177
4700 4.89542 4.87545 4.87677
4800 4.89732 4.91815 4.88536
4900 4.8836 4.90168 4.91144
5000 4.90491 4.89951 4.92325
5100 4.90447 4.91307 4.91824
5200 4.90942 4.89432 4.89779
5300 4.88039 4.90744 4.92074
5400 4.85511 4.89363 4.90132
5500 4.83856 4.90642 4.9121
5600 4.86114 4.91099 4.928
5700 4.91162 4.90747 4.88867
5800 4.90045 4.91884 4.87352
5900 4.9068 4.90949 4.88762
6000 4.90861 4.92547 4.90916
6100 4.9123 4.91515 4.92631
6200 4.92618 4.926 4.93187
6300 4.92356 4.91566 4.94162
6400 4.92529 4.9113 4.91604
6500 4.94046 4.92163 4.91466
6600 4.97063 4.90407 4.92378
6700 4.96143 4.95878 4.94128
6800 4.96855 4.95593 4.91818
6900 5.019 4.94719 4.93647
7000 5.01775 4.95634 4.96137
7100 5.03505 4.96114 4.95436
7200 5.00969 4.95619 4.95578
7300 5.02747 4.95936 4.98124
7400 5.03551 4.93617 5.00564
7500 4.9998 4.93004 5.01342
7600 4.98626 4.9355 4.99474
7700 4.98633 4.95109 4.97529
7800 4.95614 4.9574 4.9671
7900 4.96711 4.93759 4.97869
8000 4.989 4.91263 5.00498
8100 4.98108 4.91601 4.99419
8200 5.00102 4.94068 5.01386
8300 5.00708 4.95649 5.03193
8400 5.00148 4.93908 5.03799
8500 5.02448 4.96911 5.01457
8600 4.99278 4.96469 5.03353
8700 4.98514 4.95734 5.01357
8800 4.97662 4.95656 5.0244
8900 4.97644 4.95237 5.08339
9000 4.96857 4.94704 5.06956
9100 4.9244 4.92821 5.09471
9200 4.95076 4.93374 5.06699
9300 4.9767 4.93568 5.02991
9400 4.95529 4.92182 5.02536
9500 4.97238 4.89709 5.01907
9600 4.99217 4.88799 5.03886
9700 5.01579 4.90899 5.01129
9800 5.02636 4.90827 5.01792
9900 5.02277 4.93819 4.9994
10000 5.02535 4.93797 5.034
10100 5.06885 4.94951 5.01475
10200 5.06629 4.91603 5.01868
10300 5.05578 4.94079 4.97645
10400 5.04608 4.91081 4.99083
10500 5.03882 4.91946 5.02146
10600 5.03269 4.91346 5.05693
10700 5.02717 4.91479 5.06777
10800 5.02146 4.94864 5.08425
10900 5.01456 4.97746 5.10231
11000 5.033 4.92809 5.11734
11100 5.02599 4.92446 5.10924
11200 5.05889 4.90917 5.10961
11300 5.05563 4.90897 5.11003
11400 5.08792 4.90852 5.12301
11500 5.07958 4.89481 5.10934
11600 5.09626 4.89715 5.12849
11700 5.08116 4.92834 5.13774
11800 5.11619 4.88944 5.13372
11900 5.13531 4.91332 5.13027
12000 5.12533 4.9157 5.13422
12100 5.12681 4.90089 5.12558
12200 5.10567 4.90757 5.09169
12300 5.11178 4.89057 5.08715
12400 5.10337 4.89061 5.12282
12500 5.13118 4.87677 5.12435
12600 5.11202 4.87797 5.11383
12700 5.13288 4.8744 5.14606
12800 5.15316 4.8848 5.13051
12900 5.13673 4.84735 5.15286
13000 5.13101 4.8682 5.12239
13100 5.10567 4.88024 5.12863
13200 5.1133 4.87035 5.13286
13300 5.11138 4.87242 5.1373
13400 5.11552 4.88746 5.16348
13500 5.09562 4.86225 5.2207
13600 5.14045 4.89969 5.22643
13700 5.12282 4.90605 5.25922
13800 5.08828 4.89744 5.23572
13900 5.09649 4.8525 5.24885
14000 5.09176 4.88856 5.23548
14100 5.05448 4.91604 5.27411
14200 5.05269 4.89225 5.28715
14300 5.07242 4.90905 5.2891
14400 5.0765 4.89829 5.27649
14500 5.11561 4.91921 5.23721
14600 5.14654 4.89003 5.25745
14700 5.12174 4.91781 5.31751
14800 5.1516 4.92291 5.34692
14900 5.15296 4.90904 5.35334
15000 5.12177 4.92504 5.34458
15100 5.10384 4.92079 5.32021
15200 5.14682 4.91936 5.35473
15300 5.13743 4.92885 5.31323
15400 5.11742 4.91854 5.3121
15500 5.12932 4.93378 5.2797
15600 5.14925 4.95913 5.23758
15700 5.16039 4.962 5.25772
15800 5.13338 4.95884 5.2206
15900 5.1429 4.95157 5.22016
16000 5.14308 4.99894 5.22806
16100 5.12625 4.99517 5.20055
16200 5.13809 4.96793 5.23385
16300 5.14049 4.96405 5.21292
16400 5.14209 4.94469 5.23634
16500 5.1237 4.94491 5.28491
16600 5.11553 4.932 5.29397
16700 5.15573 4.9383 5.25463
16800 5.13408 4.97632 5.28024
16900 5.14011 5.00151 5.30519
17000 5.14496 4.96658 5.29846
17100 5.10361 4.94755 5.32765
17200 5.14055 4.91392 5.38407
17300 5.12083 4.92557 5.36908
17400 5.12105 4.89817 5.4274
17500 5.15818 4.90915 5.43227
17600 5.11201 4.94208 5.35271
17700 5.1072 4.91644 5.3001
17800 5.13461 4.90468 5.3019
17900 5.12111 4.91939 5.32933
18000 5.13807 4.90931 5.29936
18100 5.18238 4.90963 5.28535
18200 5.19626 4.90106 5.30925
18300 5.14652 4.90741 5.38499
18400 5.13887 4.91478 5.38075
18500 5.14616 4.91344 5.37156
18600 5.17289 4.90176 5.35132
18700 5.11844 4.9039 5.32627
18800 5.09806 4.87687 5.32555
18900 5.07995 4.88585 5.30593
19000 5.12932 4.9142 5.28973
19100 5.07858 4.93493 5.25292
19200 5.0803 4.90047 5.25538
19300 5.08556 4.92333 5.25901
19400 5.09969 4.90328 5.24931
19500 5.08574 4.93591 5.25889
19600 5.10002 4.89889 5.24976
19700 5.14968 4.8971 5.27973
19800 5.10902 4.94826 5.32384
19900 5.14139 4.92926 5.31333
20000 5.12629 4.92394 5.31491
