         0      4.6995     3.83441     4.29087      3.3251
       100     4.74201     3.82744     4.33196     3.39972
       200     4.74714     3.80763     4.34908     3.41441
       300     4.74589     3.79603     4.34909     3.42383
       400     4.78604     3.82127     4.40185     3.44005
       500     4.78728     3.81224     4.41297     3.43928
       600     4.79793      3.8186     4.43392     3.43495
       700     4.83472     3.85861     4.47047     3.44602
       800     4.84678     3.86685     4.48065     3.45742
       900     4.87167     3.87391     4.50559     3.48696
      1000     4.86157     3.86632     4.49429     3.48175
      1100      4.8926     3.88603     4.52768     3.50344
      1200     4.90345     3.90816     4.52965     3.50658
      1300     4.93323     3.94071     4.56915     3.50244
      1400     4.93602     3.94544     4.57922     3.49183
      1500     4.96839       3.973     4.61659     3.50317
      1600      4.9634     3.98754     4.59189     3.50495
      1700     4.94295     3.95004     4.57916     3.50628
      1800      4.9734     3.97421     4.61573     3.51712
      1900       4.968      3.9896     4.59903     3.50631
      2000     4.96335     3.98295     4.60662     3.49067
      2100     5.00815     4.01125     4.65946     3.51602
      2200     4.99497     4.00795     4.63619     3.51303
      2300       4.989     4.02087     4.62467     3.49645
      2400     5.02349     4.03695     4.67013     3.51621
      2500     5.06073     4.07057     4.70876     3.53271
      2600     5.05385     4.08482     4.70184     3.50567
      2700     5.07592     4.07357     4.73932     3.53199
      2800     5.06023     4.08759     4.73026     3.48254
      2900     5.04637     4.08904     4.73793      3.4298
      3000     5.01394     4.07182     4.70717     3.39736
      3100     5.06836     4.11256     4.76823     3.42453
      3200     5.08106     4.16061     4.77877     3.38926
      3300     5.08686     4.16058     4.77765     3.40821
      3400     5.13484     4.20135     4.82095     3.44096
      3500     5.13662     4.20508     4.83008     3.42889
      3600     5.13685     4.19493     4.83529     3.43466
      3700     5.12327     4.18359     4.82588     3.42114
      3800     5.15768      4.2045     4.86737     3.44009
      3900      5.1747     4.22273     4.88024     3.45065
      4000     5.17432     4.21877     4.89373     3.43518
      4100      5.1601     4.22568      4.8741     3.41176
      4200     5.12277     4.20419     4.82956     3.38904
      4300     5.15287     4.22418     4.86353     3.40685
      4400     5.18937     4.24206     4.90888      3.4303
      4500     5.17014     4.22619     4.88969      3.4192
      4600     5.15275     4.22029     4.86395      3.4107
      4700     5.18456     4.23048     4.89544     3.44922
      4800     5.16869     4.23578     4.87448     3.42468
      4900       5.178     4.26592     4.88401     3.40172
      5000     5.18591     4.28302     4.89169      3.3933
      5100     5.25113     4.31311     4.94979     3.47064
      5200     5.23412      4.2941     4.94142     3.45471
      5300     5.20311      4.2835     4.90086     3.43191
      5400     5.25985     4.31653     4.95848     3.48039
      5500     5.28878     4.32573     4.99866     3.49912
      5600     5.25992     4.32317     4.96436     3.46393
      5700     5.26905     4.33788     4.96375     3.47415
      5800     5.26188     4.32029      4.9528     3.48993
      5900     5.25911     4.34208     4.94708     3.46254
      6000     5.22482     4.32289      4.9084      3.4377
      6100     5.22765     4.33595     4.90939     3.42841
      6200     5.20123     4.34628     4.88009     3.37642
      6300     5.24385     4.38941      4.9215     3.39233
      6400     5.24881     4.38448     4.94405     3.38122
      6500     5.24837     4.37607     4.94833      3.3845
      6600      5.2325     4.41752     4.93041     3.30676
      6700     5.24962     4.42934     4.93992     3.33093
      6800     5.25427     4.40162     4.95955      3.3531
      6900     5.24248     4.40603     4.94237     3.33571
      7000     5.21375     4.37399     4.91745     3.32465
      7100     5.19508     4.34731     4.91095     3.31075
      7200     5.19453     4.35513     4.90966     3.30066
      7300     5.16397     4.34374     4.88248     3.25982
      7400     5.17217     4.33337     4.89861     3.27539
      7500     5.11195     4.31613     4.83357     3.20497
      7600     5.12465     4.34586     4.83942     3.19648
      7700     5.11991     4.34241     4.83579     3.19148
      7800     5.09393     4.34748     4.79521     3.16254
      7900     5.14811     4.39373     4.83675     3.21047
      8000     5.13074     4.37312     4.82418     3.20189
      8100     5.17508     4.39711     4.86801     3.24512
      8200     5.14839     4.38639     4.83957     3.21714
      8300     5.19345      4.4037     4.89992     3.24686
      8400     5.19295      4.4093     4.91172     3.21971
      8500     5.20601     4.40825     4.94219     3.21672
      8600     5.17318     4.37801     4.90181     3.21386
      8700     5.17992     4.37117     4.91511     3.22454
      8800      5.1644     4.38488     4.90091      3.1774
      8900     5.12888      4.3769     4.85246     3.14757
      9000     5.10144     4.36204     4.82749     3.11725
      9100     5.09674     4.37207     4.82385     3.09337
      9200     5.12165      4.3673     4.85778     3.12911
      9300     5.17638     4.37417     4.91107     3.21526
      9400     5.21911     4.38046     4.95691     3.27398
      9500     5.19565     4.39966     4.91383     3.23834
      9600      5.1922     4.41099      4.8983     3.23538
      9700     5.12723     4.36195      4.8381     3.18482
      9800     5.14633     4.38525     4.86062     3.18014
      9900     5.11051     4.35945     4.81064     3.17609
     10000     5.15675     4.41149     4.85266     3.18976
     10100     5.11462      4.4237     4.80128     3.11403
     10200     5.10567     4.42283     4.79856        3.09
     10300     5.12358     4.42582     4.81376     3.12121
     10400      5.1415       4.397      4.8572     3.15341
     10500     5.12066      4.4184     4.82136     3.11038
     10600     5.09648     4.40011     4.80003     3.08982
     10700     5.11492     4.40424     4.83624     3.08843
     10800     5.10782     4.42301     4.82031     3.06287
     10900     5.15559     4.42996     4.87516     3.12546
     11000     5.14965      4.4071     4.86942     3.14709
     11100     5.14917     4.42556     4.87221     3.11511
     11200     5.13077     4.40905     4.85672     3.10197
     11300     5.10241     4.38446     4.83659     3.07458
     11400     5.11657     4.40793     4.85574     3.05786
     11500     5.14644     4.39867     4.89532     3.10792
     11600       5.153     4.40592       4.899      3.1136
     11700     5.14751     4.39655      4.9007     3.10601
     11800     5.14146     4.42168     4.88324     3.07765
     11900     5.15193      4.4127     4.89579     3.10549
     12000     5.11621     4.42165     4.85029     3.04548
     12100     5.13942     4.43555     4.88266     3.05168
     12200     5.12124     4.44129     4.85982      3.0185
     12300     5.13958     4.43326     4.88771     3.04745
     12400     5.14266     4.44415     4.88654     3.04387
     12500     5.11282     4.44797     4.84192     3.00888
     12600     5.10758     4.46288     4.83497     2.98004
     12700     5.13966     4.47951     4.87701     2.99683
     12800     5.14306     4.47678     4.88026     3.00727
     12900     5.13797     4.50515     4.87344     2.95816
     13000      5.1278     4.52129     4.86447     2.91263
     13100     5.12237     4.52745     4.86288      2.8865
     13200     5.06985     4.44459     4.81457      2.9107
     13300     5.02083     4.40503     4.75627     2.89672
     13400     5.02189     4.39801     4.76029     2.90446
     13500     4.99564     4.37234     4.72085     2.91702
     13600     4.97738     4.35596     4.70879     2.89854
     13700     5.00448     4.37578     4.73379      2.9212
     13800     5.03165     4.37284     4.78051      2.9428
     13900     5.00198     4.35846     4.74519     2.92004
     14000     5.00973     4.36237      4.7573     2.92107
     14100     5.03183     4.38367     4.77402     2.93784
     14200     5.01439     4.36436     4.75361     2.94003
     14300     5.02924      4.3571        4.78     2.95869
     14400     5.06924     4.39547     4.82217     2.96999
     14500     5.04085     4.37858     4.78769     2.95405
     14600     5.02449     4.37749     4.76645      2.9342
     14700     4.98924     4.32522      4.7353     2.94183
     14800     5.01523     4.36265     4.76575     2.92573
     14900     5.03214     4.35193      4.7854      2.9674
     15000     5.03419     4.35876       4.784     2.96659
     15100      5.0257     4.37296     4.76842     2.94187
     15200     5.03433     4.38207     4.78044     2.93833
     15300     5.08054     4.41388     4.83722     2.95683
     15400     5.09683      4.4173     4.86156      2.9678
     15500     5.06546     4.40007     4.80934      2.9711
     15600     5.08645     4.40856     4.82914       2.998
     15700      5.0984     4.42571     4.84616     2.98582
     15800     5.10074     4.41225     4.83675     3.02868
     15900     5.12905     4.40816      4.8764     3.06645
     16000     5.16114     4.40107     4.91876     3.11625
     16100     5.16017     4.38778     4.91004     3.14542
     16200      5.1638     4.38152     4.91314     3.16117
     16300     5.18507     4.39394     4.94354     3.16616
     16400     5.20837     4.43206     4.96708     3.15265
     16500     5.21157     4.43132     4.97455      3.1525
     16600     5.18473     4.42407     4.93825     3.13116
     16700     5.17892     4.44993      4.9263     3.09387
     16800     5.15662     4.42718     4.90222     3.09028
     16900      5.1666     4.42673     4.91398     3.10554
     17000     5.14625     4.42716     4.89568       3.066
     17100     5.14121     4.42126     4.88756     3.07057
     17200     5.16195     4.44474      4.9073     3.07478
     17300     5.16037      4.4467     4.90033     3.07774
     17400     5.15126     4.44789     4.88896     3.06355
     17500     5.15382     4.43076     4.89434     3.08827
     17600     5.19784     4.45433     4.93873     3.13095
     17700     5.18754     4.45559     4.92976     3.10907
     17800     5.19891     4.46701     4.93856     3.11669
     17900     5.21069     4.47413     4.95373     3.12176
     18000     5.18638     4.43795     4.92187     3.14274
     18100       5.184     4.44773     4.90799     3.14279
     18200     5.19514     4.47279     4.90763     3.14454
     18300     5.19536     4.46078     4.91209     3.15538
     18400     5.21307     4.48246     4.93224     3.15163
     18500     5.20011     4.46945      4.9165     3.15187
     18600     5.24667     4.50217     4.96808     3.17863
     18700     5.23687      4.4753     4.98226     3.16201
     18800     5.24858     4.48478     4.99085     3.17383
     18900      5.2484     4.49793      4.9775     3.17562
     19000     5.21095     4.48058     4.93118     3.14896
     19100     5.23489     4.48113     4.96085     3.18082
     19200     5.22597     4.48229     4.94473     3.17494
     19300     5.24061     4.47004      4.9695     3.20168
     19400     5.22164     4.47603     4.94812     3.16423
     19500     5.21659     4.47636     4.94328     3.15464
     19600     5.21083     4.47577     4.93369     3.15144
     19700     5.25464     4.50287     4.99433      3.1628
     19800     5.30356     4.53461     5.04593     3.19865
     19900     5.31702     4.53655     5.06454     3.21116
     20000     5.27569     4.54205     5.02371     3.13019
