0.0000000 0.0001533 0.0001533 0.0001533 0.0001533
0.1000000 0.2303210 0.2433815 0.1983465 0.2248508
0.2000000 0.2796244 0.3297111 0.2139296 0.2791229
0.3000000 0.2743336 0.4128162 0.2618656 0.2673988
0.4000000 0.3888044 0.3860721 0.3632452 0.2998887
0.5000000 0.4307814 0.4957261 0.3799612 0.3942276
0.6000000 0.4674970 0.5497490 0.4569477 0.4309233
0.7000000 0.4823466 0.6537634 0.5146186 0.4713667
0.8000000 0.4856533 0.6927160 0.5334023 0.5523912
0.9000000 0.4757503 0.7148838 0.5724394 0.5260371
1.0000000 0.5285954 0.8012946 0.6227384 0.6231415
1.1000000 0.5509344 0.7932232 0.6753914 0.6746027
1.2000000 0.6371242 0.8159182 0.6719764 0.6895708
1.3000001 0.6517184 0.8330343 0.7508042 0.7600821
1.4000001 0.6848012 0.8360415 0.7671483 0.7330407
1.5000001 0.7011827 0.8831570 0.7601703 0.7897318
1.6000000 0.6493979 0.9658158 0.8426137 0.8488715
1.7000000 0.7413636 1.0576144 0.8963453 0.8486432
1.8000001 0.8469158 1.1042300 0.9809426 0.8655125
1.9000001 0.8713677 1.1481177 0.9892271 0.9316610
2.0000000 0.9026533 1.1559464 1.0573757 0.9154987
2.1000001 1.0682958 1.1470866 1.0755970 0.9967798
2.2000000 1.1157904 1.2605708 1.1014390 1.0291002
2.3000002 1.1557965 1.2487886 1.1941413 1.0951560
2.4000001 1.2270211 1.3113116 1.2435120 1.0938936
2.5000000 1.3731954 1.3045738 1.2408328 1.2048419
2.6000001 1.4197224 1.3325379 1.2783051 1.2127564
2.7000000 1.4817543 1.3907999 1.3057806 1.2664667
2.8000002 1.4750330 1.3816053 1.2883242 1.2308764
2.9000001 1.5628792 1.4190557 1.3990351 1.2301430
3.0000002 1.6361693 1.4619277 1.4755243 1.2486813
3.1000001 1.5495977 1.4718642 1.5141268 1.2788430
3.2000000 1.6058750 1.4526004 1.5134532 1.3459700
3.3000002 1.7259473 1.4061675 1.6560539 1.4684203
3.4000001 1.7455041 1.4380758 1.7199897 1.5695041
3.5000002 1.8175023 1.4386163 1.7545103 1.5625829
3.6000001 1.8796632 1.4865575 1.7972205 1.5618222
3.7000003 1.9132184 1.6277361 1.8095800 1.6186935
3.8000002 1.9786378 1.6379040 1.9636288 1.6049196
3.9000001 2.0496182 1.7455542 2.0536854 1.6095270
4.0000000 2.0661631 1.7019634 2.0331323 1.7300937
4.1000004 2.0845513 1.6867502 2.0932415 1.8129331
4.2000003 2.0944600 1.7539781 2.1211820 1.8645146
4.3000002 2.1625249 1.8204054 2.1348138 1.9127016
4.4000001 2.3022871 1.8397788 2.1847184 2.0619678
4.5000000 2.3098104 1.8977116 2.1821411 2.0928512
4.6000004 2.3644280 1.9212720 2.1953166 2.0802488
4.7000003 2.3561935 2.0531523 2.1886182 2.1401296
4.8000002 2.3145657 2.1527419 2.2450669 2.1508002
4.9000001 2.3344514 2.2457738 2.1968873 2.1352320
5.0000000 2.3672924 2.2651136 2.1307366 2.2274926
5.1000004 2.3417871 2.3198369 2.1348505 2.3240054
5.2000003 2.4025939 2.3960912 2.1732960 2.3261852
5.3000002 2.3107607 2.4434834 2.2766600 2.3007555
5.4000001 2.3248518 2.4935060 2.2286603 2.3220372
5.5000005 2.3730869 2.4639020 2.2471185 2.3437600
5.6000004 2.4792209 2.4211490 2.2944081 2.4010398
5.7000003 2.5339956 2.4243896 2.3014393 2.4111297
5.8000002 2.4947219 2.4041276 2.2986000 2.4800766
5.9000001 2.4819765 2.3874598 2.3873115 2.4369206
6.0000005 2.4712195 2.4840918 2.3820720 2.4213073
6.1000004 2.4534786 2.5591125 2.3598464 2.3919637
6.2000003 2.4381437 2.5777967 2.3547068 2.4440281
6.3000002 2.3873522 2.6625936 2.2921600 2.4805143
6.4000001 2.3808689 2.6116517 2.2355239 2.6330438
6.5000005 2.4438887 2.6762240 2.2725661 2.6755311
6.6000004 2.5790310 2.7196348 2.3485897 2.5634809
6.7000003 2.5283396 2.7686818 2.4591281 2.6520605
6.8000002 2.4283769 2.7074778 2.3829019 2.7362378
6.9000001 2.4852700 2.7203567 2.3777771 2.6894367
7.0000005 2.4575474 2.6545560 2.4131842 2.6967645
7.1000004 2.4446645 2.6066253 2.4514220 2.6195996
7.2000003 2.4310744 2.6190169 2.4298289 2.6101644
7.3000002 2.4280143 2.6889834 2.4802766 2.6602890
7.4000006 2.4758675 2.7721364 2.4552200 2.6871219
7.5000005 2.5045140 2.8711374 2.4438753 2.8139229
7.6000004 2.4755893 2.8256736 2.5459251 2.7769206
7.7000003 2.5197911 2.9204643 2.5354526 2.7547212
7.8000002 2.5849781 3.0253050 2.6237936 2.7215712
7.9000006 2.5451114 2.9201517 2.6317599 2.7420294
8.0000000 2.6317010 2.9225624 2.5904753 2.7184982
8.1000004 2.7286756 2.9075158 2.6020751 2.6986423
8.2000008 2.7474470 2.8152056 2.7028477 2.7296314
8.3000002 2.7169769 2.7965150 2.7326431 2.7783985
8.4000006 2.7177913 2.8953092 2.6814075 2.8195255
8.5000000 2.7334297 2.9681218 2.6632438 2.7933419
8.6000004 2.6938794 2.9369137 2.6876743 2.7783189
8.7000008 2.6937916 2.9208610 2.6307073 2.7948556
8.8000002 2.7459376 3.0122125 2.6006577 2.8144963
8.9000006 2.8340576 2.9638667 2.6257553 2.8461301
9.0000000 2.8074532 2.9895279 2.5499899 2.8161914
9.1000004 2.8022397 3.0113482 2.5434570 2.8108594
9.2000008 2.7658315 3.1114557 2.5901318 2.7968090
9.3000002 2.8139641 3.0978115 2.5143516 2.7278976
9.4000006 2.7646492 3.1097827 2.5594738 2.7423809
9.5000000 2.7231903 3.1082575 2.5478196 2.8219898
9.6000004 2.6759872 3.1974695 2.5415826 2.8008733
9.7000008 2.6797862 3.2656605 2.5615351 2.8280950
9.8000002 2.7830374 3.2332313 2.5920253 2.7647936
9.9000006 2.6990094 3.2218611 2.6902859 2.8920166
10.0000000 2.7319005 3.2322054 2.7252116 2.9585102
10.1000004 2.6775286 3.1610739 2.7483199 2.8897710
10.2000008 2.6950402 3.1073053 2.6980169 2.8747747
10.3000002 2.7243264 3.1205082 2.7153468 2.9148986
10.4000006 2.6862063 3.1090102 2.6531129 2.8782053
10.5000010 2.6627042 3.0954161 2.6307909 2.9015987
10.6000004 2.7097902 3.0119843 2.6175327 2.8714702
10.7000008 2.7452135 3.1112480 2.6295955 2.8670762
10.8000002 2.7612908 3.1673608 2.7794540 2.8877113
10.9000006 2.7629082 3.3267696 2.7849491 2.8844833
11.0000010 2.7852399 3.3537161 2.7908194 2.9440215
11.1000004 2.8534760 3.3988795 2.8199666 2.9166405
11.2000008 2.8651118 3.4697855 2.8635411 2.8753204
11.3000002 2.8087180 3.3747122 2.8104639 2.8649573
11.4000006 2.7833412 3.4513581 2.7041426 2.8785973
11.5000010 2.7957895 3.4447193 2.6675436 2.8353443
11.6000004 2.8102152 3.5156066 2.6906216 2.7816806
11.7000008 2.7354562 3.5318506 2.7425070 2.7842710
11.8000002 2.7134786 3.6491435 2.6804342 2.7173505
11.9000006 2.7447803 3.5157542 2.6748497 2.7508409
12.0000010 2.7980776 3.3111513 2.6727710 2.7876270
12.1000004 2.8259223 3.3002405 2.7237442 2.8580554
12.2000008 2.8677092 3.3236351 2.7109110 2.8520694
12.3000002 2.8131812 3.3343515 2.7134361 2.8817868
12.4000006 2.8126082 3.3462949 2.6665616 2.7621722
12.5000010 2.8081713 3.3156302 2.6944411 2.7918851
12.6000004 2.9118631 3.3333037 2.6761153 2.8100603
12.7000008 2.7559485 3.3928602 2.7051260 2.7037389
12.8000002 2.8579342 3.4454753 2.6495190 2.6930866
12.9000006 2.8067572 3.4781320 2.7167540 2.7759166
13.0000010 2.7390285 3.4782310 2.7245855 2.7478185
13.1000004 2.7049944 3.3573799 2.6974277 2.7912300
13.2000008 2.6889465 3.4794028 2.7352886 2.7493956
13.3000002 2.7647195 3.4491684 2.7198431 2.6445050
13.4000006 2.7861626 3.5160017 2.6980894 2.7217219
13.5000010 2.7813182 3.5326817 2.6059048 2.7653475
13.6000004 2.7891495 3.5375130 2.7022200 2.6685805
13.7000008 2.7576740 3.5141249 2.6774607 2.7013283
13.8000002 2.8173950 3.5403662 2.6316967 2.7131231
13.9000006 2.8385215 3.5442731 2.6454456 2.7114873
14.0000010 2.8612499 3.4712939 2.6418858 2.7994239
14.1000004 2.8577185 3.3991740 2.6147819 2.8046103
14.2000008 2.8776460 3.3373992 2.6779432 2.8075247
14.3000011 2.8841255 3.3179142 2.6799526 2.8889058
14.4000006 2.9332023 3.2735035 2.7465909 2.8697295
14.5000010 2.9421811 3.2642000 2.7727964 2.8917556
14.6000004 2.9011340 3.3176007 2.7236922 2.9165232
14.7000008 2.8519645 3.3832865 2.7043080 2.9589202
14.8000011 2.8607357 3.4303207 2.6686945 3.0252349
14.9000006 2.8519945 3.3562479 2.7268512 3.0275221
15.0000010 2.8510911 3.3978305 2.7087288 3.0231032
15.1000004 2.8817790 3.3408296 2.7418237 2.9667158
15.2000008 2.8410213 3.3822646 2.7493398 2.9913549
15.3000011 2.8916039 3.3935492 2.7838278 3.0143063
15.4000006 2.7867115 3.4083810 2.8266737 3.0581007
15.5000010 2.7882161 3.3576431 2.8607335 3.0709670
15.6000004 2.8520603 3.3090017 2.8914881 3.0542784
15.7000008 2.8297958 3.3850551 2.8846872 3.1337364
15.8000011 2.7787874 3.4041791 2.8330212 3.1877315
15.9000006 2.8051629 3.4345934 2.8490310 3.1653638
16.0000000 2.7946954 3.4547834 2.8385661 3.2184904
16.1000004 2.7940068 3.4807436 2.8609419 3.2040651
16.2000008 2.7480338 3.4285796 2.8549864 3.1988964
16.3000011 2.6880009 3.5191545 2.7873867 3.1944859
16.4000015 2.6906197 3.4705935 2.7644663 3.1729326
16.5000000 2.7641923 3.3850818 2.7433043 3.1960950
16.6000004 2.7569339 3.4019454 2.6806746 3.2109039
16.7000008 2.8905396 3.3831158 2.6911082 3.2779994
16.8000011 2.8709455 3.3946445 2.7375350 3.2828755
16.9000015 2.9138358 3.3864706 2.7474327 3.2730160
17.0000000 2.8654187 3.3546693 2.8146646 3.2048411
17.1000004 2.8300304 3.4727502 2.9385576 3.1642725
17.2000008 2.8669844 3.5080190 2.8880765 3.2587230
17.3000011 2.8306003 3.5020530 2.8960910 3.2820499
17.4000015 2.8374147 3.5125432 2.9330082 3.2175994
17.5000000 2.8443506 3.5666072 2.9683392 3.1655483
17.6000004 2.8465636 3.6296382 2.8920665 3.2119541
17.7000008 2.8450921 3.7341053 2.8743265 3.0783067
17.8000011 2.8611720 3.6972833 2.9297457 3.0734687
17.9000015 2.9006889 3.6432476 2.8736565 3.0551047
18.0000000 2.7973118 3.5579166 2.8410437 3.0847924
18.1000004 2.8474922 3.5559855 2.9493406 3.1264954
18.2000008 2.9373784 3.5371211 3.0100369 3.1592948
18.3000011 2.9492772 3.4859047 3.0766666 3.1639860
18.4000015 3.0345035 3.4997230 3.1474519 3.2085893
18.5000000 2.9651930 3.5443215 3.1471813 3.1841967
18.6000004 2.9746394 3.5455072 3.1461315 3.1748238
18.7000008 3.0363910 3.5528266 3.1745801 3.1545870
18.8000011 3.0933962 3.4904280 3.2267540 3.1334329
18.9000015 3.0595076 3.4003856 3.2421837 3.1213980
19.0000000 3.0997407 3.3895717 3.1659434 3.0595796
19.1000004 3.1448464 3.3712118 3.1877897 3.1165557
19.2000008 3.1905131 3.4919217 3.3340087 3.1273184
19.3000011 3.2189379 3.5263879 3.3984587 3.0824716
19.4000015 3.2541938 3.5411565 3.3632317 3.1332631
19.5000000 3.2497633 3.5017233 3.2981799 3.1221921
19.6000004 3.3179638 3.5169990 3.3345618 3.1248615
19.7000008 3.2911391 3.4794109 3.3755069 3.1531155
19.8000011 3.3538961 3.4138241 3.4278097 3.1100574
19.9000015 3.3644314 3.4512355 3.4695587 3.2044287
20.0000000 3.2942393 3.5038145 3.5012686 3.1377757
