   0.0000000    0.0008392
   0.1000000    0.2296778
   0.2000000    0.2648835
   0.3000000    0.3033171
   0.4000000    0.3515755
   0.5000000    0.3350635
   0.6000000    0.3428220
   0.7000000    0.3542794
   0.8000000    0.4328734
   0.9000000    0.5239246
   1.0000000    0.5725556
   1.1000000    0.7012586
   1.2000000    0.7726069
   1.3000001    0.8642619
   1.4000001    0.9268970
   1.5000001    0.9760553
   1.6000000    1.0419813
   1.7000000    1.0536760
   1.8000001    1.1385325
   1.9000001    1.2328579
   2.0000000    1.3667032
   2.1000001    1.3601273
   2.2000000    1.4346590
   2.3000002    1.4914265
   2.4000001    1.4880240
   2.5000000    1.5539708
   2.6000001    1.6580496
   2.7000000    1.6883581
   2.8000002    1.7314235
   2.9000001    1.7825699
   3.0000002    1.9008362
   3.1000001    1.9691279
   3.2000000    2.0212142
   3.3000002    1.9936899
   3.4000001    1.9458036
   3.5000002    1.9771676
   3.6000001    1.9876817
   3.7000003    1.9357983
   3.8000002    1.9966621
   3.9000001    1.9640949
   4.0000000    1.9599193
   4.1000004    2.0524387
   4.2000003    2.0062935
   4.3000002    2.0000093
   4.4000001    2.0038056
   4.5000000    2.0962720
   4.6000004    1.9979788
   4.7000003    2.0472164
   4.8000002    2.0130084
   4.9000001    1.9812349
   5.0000000    2.0170600
   5.1000004    2.0827708
   5.2000003    2.1640704
   5.3000002    2.2116413
   5.4000001    2.2601597
   5.5000005    2.2974644
   5.6000004    2.3788896
   5.7000003    2.4368823
   5.8000002    2.3890328
   5.9000001    2.4465334
   6.0000005    2.4734311
   6.1000004    2.4519999
   6.2000003    2.5266547
   6.3000002    2.6290200
   6.4000001    2.6703305
   6.5000005    2.6583846
   6.6000004    2.6218066
   6.7000003    2.6152081
   6.8000002    2.6917253
   6.9000001    2.7522757
   7.0000005    2.8177693
   7.1000004    2.8335509
   7.2000003    2.8642576
   7.3000002    2.8287220
   7.4000006    2.7133045
   7.5000005    2.6569340
   7.6000004    2.6983001
   7.7000003    2.6839490
   7.8000002    2.7095332
   7.9000006    2.7766066
   8.0000000    2.7298450
   8.1000004    2.7741976
   8.2000008    2.7673147
   8.3000002    2.8333170
   8.4000006    2.7992101
   8.5000000    2.8627272
   8.6000004    2.8736660
   8.7000008    2.8854368
   8.8000002    2.8719292
   8.9000006    2.9263439
   9.0000000    2.9398346
   9.1000004    2.8171332
   9.2000008    2.8079758
   9.3000002    2.8078995
   9.4000006    2.8249056
   9.5000000    2.8758831
   9.6000004    2.8277738
   9.7000008    2.8694539
   9.8000002    2.8804839
   9.9000006    2.8891859
  10.0000000    2.8677077
  10.1000004    2.8218265
  10.2000008    2.8941402
  10.3000002    2.9143498
  10.4000006    2.9402573
  10.5000010    2.9305608
  10.6000004    2.8279488
  10.7000008    2.7861300
  10.8000002    2.7901239
  10.9000006    2.8142323
  11.0000010    2.9034815
  11.1000004    2.8881612
  11.2000008    2.9513321
  11.3000002    2.9495203
  11.4000006    2.9027207
  11.5000010    2.8652866
  11.6000004    2.8670030
  11.7000008    2.7993071
  11.8000002    2.8319335
  11.9000006    2.7663920
  12.0000010    2.7864935
  12.1000004    2.8411365
  12.2000008    2.7996724
  12.3000002    2.8154287
  12.4000006    2.8478491
  12.5000010    2.8146126
  12.6000004    2.7794523
  12.7000008    2.8099737
  12.8000002    2.7775657
  12.9000006    2.7379663
  13.0000010    2.7990263
  13.1000004    2.7208970
  13.2000008    2.6394005
  13.3000002    2.6285357
  13.4000006    2.5941441
  13.5000010    2.6928837
  13.6000004    2.6989477
  13.7000008    2.6634798
  13.8000002    2.6515858
  13.9000006    2.7004597
  14.0000010    2.7082195
  14.1000004    2.7168338
  14.2000008    2.7327752
  14.3000011    2.8187273
  14.4000006    2.8482437
  14.5000010    2.7667258
  14.6000004    2.7025306
  14.7000008    2.7165649
  14.8000011    2.7076373
  14.9000006    2.7382321
  15.0000010    2.7911458
  15.1000004    2.8244507
  15.2000008    2.8393643
  15.3000011    2.8041368
  15.4000006    2.7141066
  15.5000010    2.8521881
  15.6000004    2.9010003
  15.7000008    2.8643982
  15.8000011    2.8861985
  15.9000006    2.8798575
  16.0000000    2.9006541
  16.1000004    2.8903506
  16.2000008    2.8977184
  16.3000011    2.8764136
  16.4000015    2.8400800
  16.5000000    2.7697682
  16.6000004    2.8245084
  16.7000008    2.7318995
  16.8000011    2.7278924
  16.9000015    2.7798114
  17.0000000    2.8021140
  17.1000004    2.7586353
  17.2000008    2.8099780
  17.3000011    2.8941092
  17.4000015    2.9041069
  17.5000000    2.9180346
  17.6000004    2.9625695
  17.7000008    2.9088359
  17.8000011    2.9098775
  17.9000015    2.8479123
  18.0000000    2.8290155
  18.1000004    2.8497214
  18.2000008    2.8883049
  18.3000011    2.8592715
  18.4000015    2.8990788
  18.5000000    2.9831319
  18.6000004    3.0541058
  18.7000008    3.0403547
  18.8000011    3.0868566
  18.9000015    3.0092187
  19.0000000    2.9314196
  19.1000004    2.9755085
  19.2000008    3.0158660
  19.3000011    3.0437148
  19.4000015    3.0734339
  19.5000000    3.0660031
  19.6000004    3.0485427
  19.7000008    3.1554883
  19.8000011    3.1453588
  19.9000015    3.0845122
  20.0000000    3.0768242
