0.0000000 0.0001533 0.0001533 0.0001533 0.0001533
0.1000000 0.2358579 0.1808952 0.1818621 0.1682288
0.2000000 0.2454854 0.2655665 0.2705225 0.2310138
0.3000000 0.2682594 0.3052869 0.3520989 0.3237279
0.4000000 0.2772460 0.4010184 0.3413540 0.3214213
0.5000000 0.2800040 0.4105198 0.3764357 0.3709457
0.6000000 0.3498617 0.3857396 0.4109610 0.3501901
0.7000000 0.3910411 0.4135818 0.4243596 0.3957627
0.8000000 0.4191276 0.4049324 0.4556696 0.4611254
0.9000000 0.4753706 0.4078838 0.4646393 0.4509400
1.0000000 0.5269735 0.3568076 0.4478979 0.4702724
1.1000000 0.5794519 0.3781868 0.4699499 0.5062118
1.2000000 0.5721639 0.3861117 0.5184822 0.6009914
1.3000001 0.6143755 0.3919774 0.5164539 0.6944350
1.4000001 0.7041479 0.3987042 0.6066840 0.6728225
1.5000001 0.7570256 0.3749036 0.6566990 0.7896619
1.6000000 0.8027375 0.4245957 0.6540789 0.8035331
1.7000000 0.7545692 0.4828312 0.6919173 0.7044323
1.8000001 0.8033472 0.5865711 0.6876402 0.6821275
1.9000001 0.8503686 0.6534932 0.6867403 0.7337832
2.0000000 0.7757111 0.6306500 0.6139912 0.7424096
2.1000001 0.8204878 0.6604733 0.6111165 0.7679232
2.2000000 0.8292227 0.6921969 0.6644185 0.8169154
2.3000002 0.8623073 0.7588886 0.7296411 0.8293329
2.4000001 0.8906946 0.7547056 0.7817092 0.7974182
2.5000000 0.9398070 0.7924374 0.8063393 0.9017461
2.6000001 0.9723867 0.7800553 0.8792912 0.8948900
2.7000000 0.9732460 0.7701489 0.8779812 0.8692956
2.8000002 1.0620456 0.8154078 0.9547616 0.8445256
2.9000001 1.0529095 0.8090049 1.0702846 0.9319512
3.0000002 0.9787281 0.7600963 1.0269359 1.0064809
3.1000001 0.9435450 0.8518787 1.0478823 1.0400418
3.2000000 0.9660473 0.8600130 1.0169619 1.0046859
3.3000002 0.9637160 0.8139233 0.9645535 1.1487986
3.4000001 1.0322809 0.8018451 0.8911172 1.1195878
3.5000002 1.0694789 0.8212591 0.8811943 1.1137936
3.6000001 1.1353935 0.7908643 0.8301793 1.1124550
3.7000003 1.0963498 0.8255851 0.8553249 1.0123575
3.8000002 1.1456681 0.8334272 0.8717579 1.1305578
3.9000001 1.1011168 0.8737075 0.8287272 1.2269493
4.0000000 1.1856791 0.9778408 0.8739421 1.2645636
4.1000004 1.2094979 1.0652286 0.9259542 1.3507613
4.2000003 1.2429681 1.0322448 0.9353444 1.3586444
4.3000002 1.1906703 0.9432878 0.9527680 1.4294435
4.4000001 1.1896048 0.9952853 0.9573873 1.4010636
4.5000000 1.2494887 1.0641613 0.9483715 1.4522589
4.6000004 1.3029650 1.0544480 1.0457134 1.4459887
4.7000003 1.2917403 1.0771011 1.0844445 1.3827504
4.8000002 1.3364167 1.0974833 1.0865726 1.3108636
4.9000001 1.2511300 1.1468555 1.1238567 1.3370998
5.0000000 1.2446655 1.0263287 1.1428654 1.3536564
5.1000004 1.2105684 1.0342883 1.1732351 1.4690492
5.2000003 1.1948870 0.9699767 1.1465521 1.4490038
5.3000002 1.2610995 1.0337465 1.1464705 1.4349483
5.4000001 1.2660711 1.0364980 1.2484810 1.4784575
5.5000005 1.2486370 1.0372927 1.2869534 1.5952761
5.6000004 1.2781161 1.0845348 1.2836078 1.5770243
5.7000003 1.2696813 1.1344407 1.3347266 1.5189068
5.8000002 1.2178646 1.1851101 1.4139463 1.5297289
5.9000001 1.1463655 1.2120018 1.3525367 1.5303321
6.0000005 1.1724002 1.2688246 1.3284296 1.4926146
6.1000004 1.2162460 1.2143722 1.2945424 1.4058838
6.2000003 1.2423297 1.2025899 1.2746079 1.3902069
6.3000002 1.2775655 1.2303438 1.3687590 1.4074860
6.4000001 1.2159743 1.2879945 1.3670485 1.4122170
6.5000005 1.2008843 1.3063610 1.4244850 1.3823864
6.6000004 1.2724373 1.2142462 1.5430406 1.4895791
6.7000003 1.2908121 1.2048175 1.5898216 1.5739323
6.8000002 1.3584780 1.1663961 1.5741695 1.6527464
6.9000001 1.4767570 1.1097276 1.5954289 1.6397283
7.0000005 1.4419692 1.1018280 1.5951864 1.6544743
7.1000004 1.4598970 1.1672170 1.6052002 1.6774625
7.2000003 1.3431015 1.1430826 1.5866652 1.7200606
7.3000002 1.3611757 1.1567823 1.5832678 1.7515358
7.4000006 1.3588562 1.1914828 1.6404015 1.7343360
7.5000005 1.3474216 1.1670294 1.7772232 1.6421154
7.6000004 1.3641775 1.1450975 1.7208620 1.7334775
7.7000003 1.3498905 1.1861383 1.6981744 1.7003133
7.8000002 1.3202362 1.1619867 1.7418252 1.7107942
7.9000006 1.3174088 1.1706728 1.8215910 1.7033911
8.0000000 1.3396217 1.2039208 1.9086457 1.7651832
8.1000004 1.3323215 1.2093860 1.9308738 1.7729625
8.2000008 1.3516536 1.2929589 1.9616408 1.7566082
8.3000002 1.3758368 1.2866476 1.9375489 1.8130943
8.4000006 1.4077957 1.2312789 2.0203128 1.6963897
8.5000000 1.4085739 1.1932393 2.1020644 1.6909101
8.6000004 1.4372194 1.2328235 2.1332948 1.6832708
8.7000008 1.4433818 1.3214509 2.0767324 1.7126271
8.8000002 1.4497126 1.3908811 2.0668180 1.7003824
8.9000006 1.4821807 1.3224611 2.0604906 1.6551332
9.0000000 1.5155058 1.2597878 2.0996892 1.6187918
9.1000004 1.5534676 1.2853934 2.0663342 1.6356406
9.2000008 1.6496174 1.3227741 2.0226538 1.6221565
9.3000002 1.6723648 1.3365560 2.0311425 1.6302522
9.4000006 1.6618046 1.3223671 2.0871899 1.6590061
9.5000000 1.7430301 1.3340144 2.0792165 1.6514295
9.6000004 1.7470061 1.3175987 2.1343715 1.6563709
9.7000008 1.8005894 1.3718754 2.1001790 1.7038597
9.8000002 1.7670482 1.3984075 2.1217568 1.7816617
9.9000006 1.7739726 1.4191808 2.1319053 1.7720411
10.0000000 1.7050189 1.5104468 2.1557543 1.7297485
10.1000004 1.7119082 1.5084323 2.2270503 1.7368721
10.2000008 1.7189800 1.4736574 2.1976027 1.7709323
10.3000002 1.6714611 1.5250835 2.2206886 1.8086531
10.4000006 1.7024617 1.4797627 2.1916857 1.8420870
10.5000010 1.7297291 1.5239078 2.2065728 1.8998176
10.6000004 1.6701740 1.5651389 2.2331152 1.9026346
10.7000008 1.6813036 1.6446375 2.3748183 1.7823610
10.8000002 1.7161705 1.6245308 2.3274200 1.6812325
10.9000006 1.7424922 1.6802851 2.3808162 1.6794275
11.0000010 1.7095037 1.6860505 2.3640349 1.6686388
11.1000004 1.7100042 1.6811211 2.3343449 1.6854587
11.2000008 1.7098650 1.6367164 2.3279443 1.7071987
11.3000002 1.7965679 1.6599567 2.3138316 1.7933618
11.4000006 1.8189108 1.7402558 2.2964489 1.7422844
11.5000010 1.8847224 1.6589693 2.2791605 1.7705855
11.6000004 1.9206926 1.6210335 2.2357352 1.7643011
11.7000008 1.9188001 1.6229188 2.2481272 1.7854546
11.8000002 1.8982803 1.5769994 2.2020042 1.8084087
11.9000006 1.8976307 1.5135940 2.1816969 1.7621585
12.0000010 1.9283118 1.5380187 2.2284794 1.7281750
12.1000004 1.9897351 1.5513784 2.2191727 1.7354798
12.2000008 1.9279349 1.6156116 2.2075140 1.7143975
12.3000002 1.9780276 1.5698042 2.1722510 1.7979674
12.4000006 1.9842750 1.5208905 2.2418723 1.7633233
12.5000010 1.9604113 1.5481676 2.2917242 1.7815374
12.6000004 1.9569454 1.6063594 2.2575006 1.7920846
12.7000008 2.0037913 1.6724182 2.3059843 1.8195577
12.8000002 2.0768538 1.6495451 2.3125648 1.8187764
12.9000006 2.0861611 1.6584638 2.3223228 1.8289295
13.0000010 2.0453665 1.6517019 2.4070263 1.8393776
13.1000004 2.0102105 1.6617494 2.3208296 1.8200344
13.2000008 2.0465086 1.7000260 2.3115084 1.8760595
13.3000002 2.0022790 1.6758616 2.2179868 1.9035017
13.4000006 1.9827235 1.6473570 2.1969523 1.8468474
13.5000010 2.0141501 1.6427554 2.2021327 1.8690661
13.6000004 1.9891818 1.6475357 2.1697338 1.8086138
13.7000008 1.9435275 1.6550974 2.2529051 1.8197762
13.8000002 1.8461251 1.6158350 2.2300401 1.8018212
13.9000006 1.7969313 1.6284207 2.2595720 1.7571908
14.0000010 1.7509407 1.6458740 2.2453029 1.7406961
14.1000004 1.7084460 1.6295131 2.3286324 1.6761934
14.2000008 1.6643989 1.6077722 2.3695331 1.6919762
14.3000011 1.6387852 1.6386185 2.3522305 1.6095649
14.4000006 1.6252394 1.7377617 2.3449650 1.6389432
14.5000010 1.6571064 1.7466236 2.3871677 1.6403846
14.6000004 1.7546984 1.7707088 2.5076756 1.6892254
14.7000008 1.7619102 1.6689804 2.5806012 1.7399067
14.8000011 1.7466006 1.5860556 2.5874052 1.8708208
14.9000006 1.7353321 1.6682628 2.5878737 1.9108807
15.0000010 1.7519506 1.7345369 2.6113026 1.8503582
15.1000004 1.7340077 1.7380550 2.5972459 1.8093578
15.2000008 1.8073601 1.7354510 2.6302824 1.7915795
15.3000011 1.7016063 1.8641703 2.5558147 1.8309027
15.4000006 1.6945647 1.9417313 2.5599546 1.8776785
15.5000010 1.7427204 1.9816412 2.5308068 1.8482422
15.6000004 1.7368872 2.0339541 2.5522847 1.8424041
15.7000008 1.7087294 2.0696387 2.5721986 1.8518114
15.8000011 1.7745591 1.9074963 2.4291518 1.9108064
15.9000006 1.7245928 1.8757967 2.4516244 1.9756250
16.0000000 1.7228439 1.9385111 2.4260147 2.0447953
16.1000004 1.6912941 1.9462231 2.4135468 2.0852048
16.2000008 1.7271825 1.9864638 2.4563720 1.9756726
16.3000011 1.7466967 1.9554380 2.4722893 2.0277681
16.4000015 1.7364663 1.8929381 2.4637139 1.9919883
16.5000000 1.7146010 1.9352564 2.5122416 1.9510764
16.6000004 1.7343348 1.9598042 2.4941831 1.9380463
16.7000008 1.8018825 1.9854225 2.5231204 1.9669709
16.8000011 1.6561155 2.0598457 2.5130804 1.9607415
16.9000015 1.7578803 1.9578797 2.4389224 1.8705077
17.0000000 1.7866524 1.9195334 2.4377043 1.8554370
17.1000004 1.8517108 1.9017872 2.4209514 1.8484715
17.2000008 1.8947412 1.9569910 2.5733635 1.8312039
17.3000011 1.9358983 1.9785167 2.5921273 1.8335263
17.4000015 2.0081694 2.0499012 2.5832694 1.8453687
17.5000000 2.0490587 2.1177232 2.5695622 1.7745974
17.6000004 2.0038834 2.1934099 2.4902627 1.7505445
17.7000008 1.9360464 2.1194420 2.4608715 1.8218179
17.8000011 1.9569535 2.1670380 2.4208028 1.7960175
17.9000015 1.9190534 2.2568688 2.5003221 1.7544683
18.0000000 2.0125384 2.1698711 2.5007732 1.7479619
18.1000004 2.0233316 2.2402866 2.5553861 1.8365042
18.2000008 2.0408139 2.2993031 2.5095425 1.8673763
18.3000011 2.0354927 2.4153106 2.4618442 1.8447499
18.4000015 2.0026722 2.4296663 2.4662156 1.7847434
18.5000000 1.9902031 2.3737004 2.5086808 1.7640411
18.6000004 2.1020424 2.3846262 2.4733243 1.7709042
18.7000008 2.0273108 2.3533106 2.5208037 1.7597510
18.8000011 2.0239489 2.3245633 2.4523273 1.7348074
18.9000015 2.0091081 2.3122947 2.4125342 1.7390559
19.0000000 2.0861468 2.2865341 2.3853536 1.8610063
19.1000004 2.1276674 2.2428265 2.3543668 1.8495139
19.2000008 2.1199613 2.2401938 2.4116669 1.7504073
19.3000011 2.1903975 2.2426362 2.3534644 1.7792504
19.4000015 2.1650279 2.2350881 2.2907383 1.6761049
19.5000000 2.1381004 2.2864027 2.2561090 1.6998715
19.6000004 2.1823437 2.2989206 2.2617261 1.7366450
19.7000008 2.1814189 2.2675691 2.3858304 1.6693963
19.8000011 2.2211852 2.2418017 2.4971342 1.7110766
19.9000015 2.2264872 2.3012433 2.4117150 1.6919669
20.0000000 2.1321309 2.3322020 2.3939719 1.7258202
