   0.0000000    0.0008392
   0.1000000    0.2234118
   0.2000000    0.2799453
   0.3000000    0.3243183
   0.4000000    0.3447243
   0.5000000    0.4302136
   0.6000000    0.5031101
   0.7000000    0.5760385
   0.8000000    0.5790392
   0.9000000    0.6153377
   1.0000000    0.5893503
   1.1000000    0.6084349
   1.2000000    0.6007063
   1.3000001    0.6190637
   1.4000001    0.6605076
   1.5000001    0.8235545
   1.6000000    0.8554962
   1.7000000    0.8683502
   1.8000001    0.8609242
   1.9000001    0.9420391
   2.0000000    0.9823598
   2.1000001    1.0447249
   2.2000000    1.1540055
   2.3000002    1.1879755
   2.4000001    1.3143132
   2.5000000    1.3916118
   2.6000001    1.4297265
   2.7000000    1.4592197
   2.8000002    1.5616881
   2.9000001    1.6056678
   3.0000002    1.7018585
   3.1000001    1.6762229
   3.2000000    1.6850852
   3.3000002    1.7811284
   3.4000001    1.7640072
   3.5000002    1.8842044
   3.6000001    1.9274616
   3.7000003    2.0298986
   3.8000002    2.0205317
   3.9000001    2.0478852
   4.0000000    2.0969505
   4.1000004    2.0356412
   4.2000003    2.0724676
   4.3000002    2.1014981
   4.4000001    2.1203179
   4.5000000    2.1203887
   4.6000004    2.1137919
   4.7000003    2.0344591
   4.8000002    2.1147339
   4.9000001    2.0604677
   5.0000000    2.0950084
   5.1000004    2.1110430
   5.2000003    2.0928252
   5.3000002    1.9736567
   5.4000001    2.0196533
   5.5000005    2.0210445
   5.6000004    2.0406978
   5.7000003    2.0942276
   5.8000002    2.1287832
   5.9000001    2.1303961
   6.0000005    2.1195669
   6.1000004    2.0848348
   6.2000003    2.0953393
   6.3000002    2.1381538
   6.4000001    2.1688373
   6.5000005    2.1604302
   6.6000004    2.1434853
   6.7000003    2.2106423
   6.8000002    2.2816100
   6.9000001    2.2022133
   7.0000005    2.2634587
   7.1000004    2.3082681
   7.2000003    2.2846985
   7.3000002    2.2174654
   7.4000006    2.3687069
   7.5000005    2.3968480
   7.6000004    2.3634970
   7.7000003    2.4419892
   7.8000002    2.4554851
   7.9000006    2.4885211
   8.0000000    2.5133009
   8.1000004    2.4881063
   8.2000008    2.4880188
   8.3000002    2.5240953
   8.4000006    2.4867256
   8.5000000    2.5232298
   8.6000004    2.4616487
   8.7000008    2.4996269
   8.8000002    2.5087068
   8.9000006    2.5838113
   9.0000000    2.6747122
   9.1000004    2.6621735
   9.2000008    2.6277010
   9.3000002    2.7073481
   9.4000006    2.6903961
   9.5000000    2.7082398
   9.6000004    2.8058362
   9.7000008    2.7120495
   9.8000002    2.7531979
   9.9000006    2.8068755
  10.0000000    2.7986612
  10.1000004    2.8252177
  10.2000008    2.7374535
  10.3000002    2.7547052
  10.4000006    2.8739994
  10.5000010    2.8284194
  10.6000004    2.7798340
  10.7000008    2.8411314
  10.8000002    2.7743809
  10.9000006    2.7859464
  11.0000010    2.8106492
  11.1000004    2.8964081
  11.2000008    2.8623602
  11.3000002    2.9014974
  11.4000006    2.8937104
  11.5000010    2.9880133
  11.6000004    3.0021150
  11.7000008    3.0356283
  11.8000002    2.9302285
  11.9000006    2.9593546
  12.0000010    3.0128291
  12.1000004    3.0274451
  12.2000008    2.9239023
  12.3000002    2.8818185
  12.4000006    2.8782558
  12.5000010    2.9168749
  12.6000004    2.8202724
  12.7000008    2.8751137
  12.8000002    2.8880866
  12.9000006    2.8969252
  13.0000010    2.9244831
  13.1000004    2.9763415
  13.2000008    2.9163492
  13.3000002    2.9552772
  13.4000006    2.9510067
  13.5000010    3.0939288
  13.6000004    3.0671172
  13.7000008    3.0418689
  13.8000002    3.1145179
  13.9000006    3.0956228
  14.0000010    2.9135363
  14.1000004    2.9001026
  14.2000008    2.8746419
  14.3000011    2.8256385
  14.4000006    2.8726118
  14.5000010    2.9330802
  14.6000004    2.9406252
  14.7000008    2.9021935
  14.8000011    2.7416332
  14.9000006    2.8491490
  15.0000010    2.7720628
  15.1000004    2.8192780
  15.2000008    2.8752978
  15.3000011    2.9372537
  15.4000006    2.9322321
  15.5000010    2.9369524
  15.6000004    3.0031826
  15.7000008    2.9803672
  15.8000011    3.0350296
  15.9000006    3.1048810
  16.0000000    3.1758125
  16.1000004    3.2351348
  16.2000008    3.1674826
  16.3000011    3.2244220
  16.4000015    3.2069817
  16.5000000    3.1960254
  16.6000004    3.2183616
  16.7000008    3.1825686
  16.8000011    3.1873417
  16.9000015    3.1053579
  17.0000000    3.0654569
  17.1000004    3.0256884
  17.2000008    3.0547597
  17.3000011    3.1141934
  17.4000015    3.0599413
  17.5000000    3.0320973
  17.6000004    2.9523287
  17.7000008    2.9606152
  17.8000011    2.9815519
  17.9000015    2.9875910
  18.0000000    3.0971797
  18.1000004    3.1247964
  18.2000008    3.0707500
  18.3000011    3.0484450
  18.4000015    3.0846324
  18.5000000    3.1224475
  18.6000004    3.0850201
  18.7000008    3.0729811
  18.8000011    3.0327232
  18.9000015    3.0048580
  19.0000000    3.0160260
  19.1000004    3.1324556
  19.2000008    3.2131715
  19.3000011    3.2448866
  19.4000015    3.2206788
  19.5000000    3.1200180
  19.6000004    3.1022928
  19.7000008    3.1719337
  19.8000011    3.1215787
  19.9000015    3.1003745
  20.0000000    3.1256847
