   0.0000000    0.0008392
   0.1000000    0.2091189
   0.2000000    0.2554875
   0.3000000    0.2823794
   0.4000000    0.3191400
   0.5000000    0.3662764
   0.6000000    0.4291584
   0.7000000    0.4664005
   0.8000000    0.5158157
   0.9000000    0.5714738
   1.0000000    0.5578004
   1.1000000    0.6619691
   1.2000000    0.6707982
   1.3000001    0.7617682
   1.4000001    0.8385136
   1.5000001    0.8897662
   1.6000000    0.8232844
   1.7000000    0.8143507
   1.8000001    0.8466709
   1.9000001    0.8984523
   2.0000000    0.9342581
   2.1000001    0.9715901
   2.2000000    0.9940658
   2.3000002    1.0111599
   2.4000001    1.0375646
   2.5000000    1.1284639
   2.6000001    1.1902919
   2.7000000    1.2154003
   2.8000002    1.3454922
   2.9000001    1.4141481
   3.0000002    1.4468954
   3.1000001    1.5456409
   3.2000000    1.6412872
   3.3000002    1.6621283
   3.4000001    1.7192003
   3.5000002    1.7166371
   3.6000001    1.7243495
   3.7000003    1.7694800
   3.8000002    1.8513728
   3.9000001    1.8692912
   4.0000000    1.9221069
   4.1000004    1.8854728
   4.2000003    1.8992137
   4.3000002    2.0097156
   4.4000001    2.1265111
   4.5000000    2.1206267
   4.6000004    2.1450336
   4.7000003    2.1470172
   4.8000002    2.1820550
   4.9000001    2.2949510
   5.0000000    2.3336208
   5.1000004    2.3070209
   5.2000003    2.2639203
   5.3000002    2.2460196
   5.4000001    2.2683628
   5.5000005    2.3908591
   5.6000004    2.3765910
   5.7000003    2.3918252
   5.8000002    2.4731071
   5.9000001    2.4824255
   6.0000005    2.4471548
   6.1000004    2.4843974
   6.2000003    2.3882184
   6.3000002    2.4966714
   6.4000001    2.5668240
   6.5000005    2.5249813
   6.6000004    2.6379015
   6.7000003    2.6960115
   6.8000002    2.8200197
   6.9000001    2.8286867
   7.0000005    2.8155801
   7.1000004    2.8222632
   7.2000003    2.8599515
   7.3000002    2.8178170
   7.4000006    2.8512781
   7.5000005    2.8407168
   7.6000004    2.7684536
   7.7000003    2.8051558
   7.8000002    2.8186142
   7.9000006    2.7828712
   8.0000000    2.8116972
   8.1000004    2.8651619
   8.2000008    2.8199258
   8.3000002    2.8427715
   8.4000006    2.9038491
   8.5000000    2.9031661
   8.6000004    2.9058380
   8.7000008    3.0078747
   8.8000002    2.9899759
   8.9000006    2.9288900
   9.0000000    2.9405284
   9.1000004    2.9391656
   9.2000008    2.9280927
   9.3000002    2.9410620
   9.4000006    2.9250648
   9.5000000    2.9078200
   9.6000004    2.9157734
   9.7000008    2.9034276
   9.8000002    2.8588724
   9.9000006    2.8642714
  10.0000000    2.9082484
  10.1000004    2.9089875
  10.2000008    2.9307258
  10.3000002    2.9488397
  10.4000006    3.0024457
  10.5000010    2.9827960
  10.6000004    2.9756513
  10.7000008    2.9342067
  10.8000002    2.9882932
  10.9000006    2.9989092
  11.0000010    2.9907920
  11.1000004    2.9501314
  11.2000008    2.9584751
  11.3000002    3.0313692
  11.4000006    3.0301709
  11.5000010    2.9744642
  11.6000004    2.9679475
  11.7000008    2.9826760
  11.8000002    2.9449055
  11.9000006    2.9781077
  12.0000010    2.9331598
  12.1000004    2.9890358
  12.2000008    2.9848847
  12.3000002    3.0457554
  12.4000006    3.0378745
  12.5000010    2.9770796
  12.6000004    2.9450226
  12.7000008    2.9887075
  12.8000002    2.9670794
  12.9000006    2.9540780
  13.0000010    3.0072656
  13.1000004    3.0189927
  13.2000008    2.9703140
  13.3000002    2.8760049
  13.4000006    2.8339772
  13.5000010    2.7296889
  13.6000004    2.7275846
  13.7000008    2.7224998
  13.8000002    2.7572794
  13.9000006    2.6753845
  14.0000010    2.7357891
  14.1000004    2.7515841
  14.2000008    2.7162488
  14.3000011    2.7248995
  14.4000006    2.7372997
  14.5000010    2.7266977
  14.6000004    2.7075779
  14.7000008    2.6740305
  14.8000011    2.7200522
  14.9000006    2.7052617
  15.0000010    2.6347272
  15.1000004    2.5995331
  15.2000008    2.6403992
  15.3000011    2.6290474
  15.4000006    2.6952124
  15.5000010    2.6569095
  15.6000004    2.6322715
  15.7000008    2.6583343
  15.8000011    2.6075141
  15.9000006    2.5719051
  16.0000000    2.5732169
  16.1000004    2.5412889
  16.2000008    2.4689047
  16.3000011    2.5146642
  16.4000015    2.5611131
  16.5000000    2.5721457
  16.6000004    2.5572321
  16.7000008    2.5311904
  16.8000011    2.4677489
  16.9000015    2.4748611
  17.0000000    2.5077670
  17.1000004    2.4808469
  17.2000008    2.5227702
  17.3000011    2.4975257
  17.4000015    2.5022156
  17.5000000    2.5019002
  17.6000004    2.5681429
  17.7000008    2.5061805
  17.8000011    2.4636137
  17.9000015    2.5024223
  18.0000000    2.3889492
  18.1000004    2.3521838
  18.2000008    2.2977743
  18.3000011    2.2849209
  18.4000015    2.3189340
  18.5000000    2.3324015
  18.6000004    2.3078797
  18.7000008    2.3890769
  18.8000011    2.3625033
  18.9000015    2.3314676
  19.0000000    2.2969248
  19.1000004    2.3128099
  19.2000008    2.3008051
  19.3000011    2.3167961
  19.4000015    2.3398917
  19.5000000    2.3721757
  19.6000004    2.3861730
  19.7000008    2.4093454
  19.8000011    2.4660645
  19.9000015    2.5148165
  20.0000000    2.6047237
