0.0000000 0.0001533 0.0001533 0.0001533 0.0001533
0.1000000 0.2149869 0.2137374 0.1724990 0.1866013
0.2000000 0.2699739 0.2825518 0.2406268 0.2184394
0.3000000 0.3133380 0.3467592 0.3031809 0.3314468
0.4000000 0.3703996 0.4746168 0.4090730 0.4391552
0.5000000 0.4200645 0.6080648 0.5291235 0.5650106
0.6000000 0.4703480 0.7179241 0.6875440 0.6528805
0.7000000 0.4847074 0.9076740 0.7187197 0.7892737
0.8000000 0.5238084 0.9577836 0.8489141 0.8509431
0.9000000 0.5871219 1.0980642 0.9909244 0.8920313
1.0000000 0.6747562 1.2368367 1.1265299 0.9789954
1.1000000 0.7970113 1.3197329 1.2425003 1.0594406
1.2000000 0.8967319 1.4190701 1.2140274 1.3279142
1.3000001 1.0290303 1.5409908 1.2880758 1.3690950
1.4000001 1.1697993 1.6407577 1.3685068 1.4957546
1.5000001 1.2105620 1.8122959 1.4124832 1.6015244
1.6000000 1.3297368 1.8977280 1.5219728 1.6871120
1.7000000 1.4645203 2.0685565 1.6081605 1.8203505
1.8000001 1.5466129 2.0968528 1.7466482 1.9027721
1.9000001 1.6682817 2.2735574 1.8656286 2.0715501
2.0000000 1.8241936 2.3197408 1.9985243 2.1715562
2.1000001 1.8652771 2.3501973 2.0289137 2.2554092
2.2000000 1.9187844 2.3892090 2.0743070 2.3089013
2.3000002 1.9068410 2.4713922 2.1340437 2.3018191
2.4000001 1.9207637 2.5622177 2.2484777 2.3673797
2.5000000 2.0180550 2.5672617 2.3971934 2.4005809
2.6000001 2.0227962 2.5506649 2.4657128 2.4271512
2.7000000 2.0783505 2.5519121 2.5716736 2.5216019
2.8000002 2.1257019 2.5040717 2.5627654 2.5862293
2.9000001 2.1604939 2.5685925 2.6172097 2.6508019
3.0000002 2.2704074 2.5771570 2.6489344 2.7180846
3.1000001 2.2645781 2.5837562 2.6932192 2.7440205
3.2000000 2.3675272 2.6710620 2.7401438 2.7033637
3.3000002 2.4868560 2.7226961 2.7867482 2.7787342
3.4000001 2.5847032 2.6785529 2.8455024 2.8909371
3.5000002 2.5645385 2.6630907 2.9101632 3.0042400
3.6000001 2.6085131 2.6624424 2.9350169 3.0368943
3.7000003 2.6089327 2.7053809 2.9375231 2.9894836
3.8000002 2.7071695 2.7637126 2.8791525 2.9855843
3.9000001 2.7825792 2.8077395 2.8196261 2.9446292
4.0000000 2.7696180 2.8376935 2.9010928 2.9817154
4.1000004 2.8514509 2.8956385 3.0199201 3.0454643
4.2000003 2.8398054 2.9566662 2.9002314 3.0435364
4.3000002 2.9205284 2.9795980 2.9674714 3.0308566
4.4000001 2.9646204 3.0411353 3.1299417 3.0097044
4.5000000 2.9835966 3.2156684 3.1999810 3.0537109
4.6000004 3.0035121 3.2759469 3.1803629 3.1617460
4.7000003 3.0929687 3.1918917 3.3446543 3.1391258
4.8000002 2.9809752 3.1100831 3.3577473 3.1440630
4.9000001 3.0062757 3.1549020 3.3481793 3.1686480
5.0000000 2.9643166 3.0950730 3.3479021 3.1690116
5.1000004 2.9022465 3.1300828 3.4164078 3.2083323
5.2000003 2.9909861 3.1029513 3.4492271 3.2895141
5.3000002 3.0324259 3.0966330 3.5086150 3.3211255
5.4000001 3.0666158 3.0699248 3.5428712 3.4051199
5.5000005 3.1285224 3.1046991 3.5111558 3.4324086
5.6000004 3.1891017 3.0708141 3.4794137 3.3605852
5.7000003 3.1844320 3.1189883 3.6002922 3.3909056
5.8000002 3.1368215 3.1283576 3.5736864 3.3628263
5.9000001 3.1316471 3.1664081 3.5908513 3.4069991
6.0000005 3.1319940 3.1723683 3.6170769 3.3991971
6.1000004 3.1771557 3.2114642 3.5324860 3.3703752
6.2000003 3.1638386 3.2312925 3.4658320 3.3087449
6.3000002 3.1310499 3.2386601 3.5340655 3.2766364
6.4000001 3.1551011 3.1356735 3.6066446 3.3166461
6.5000005 3.2163050 3.1247911 3.6859820 3.2586334
6.6000004 3.2525792 3.0892596 3.7259626 3.2085567
6.7000003 3.2586491 3.1458898 3.6717045 3.2339742
6.8000002 3.2870841 3.1100774 3.7565458 3.1593866
6.9000001 3.2397292 3.1364655 3.7330866 3.2285748
7.0000005 3.2452080 3.0945470 3.7313836 3.1600380
7.1000004 3.3078909 3.1020167 3.8040998 3.1297059
7.2000003 3.3425214 3.0579545 3.8399405 3.1841612
7.3000002 3.3886528 3.1378329 3.9500594 3.1968186
7.4000006 3.3670583 3.1041512 3.9654982 3.2705765
7.5000005 3.3545723 3.1240971 3.9568036 3.2570724
7.6000004 3.4350812 3.1712394 3.8902318 3.2603750
7.7000003 3.3587484 3.1815832 3.9680033 3.3368416
7.8000002 3.3599722 3.3229108 4.0428672 3.3410234
7.9000006 3.3044932 3.2550673 4.0363994 3.3625581
8.0000000 3.3578596 3.2631028 4.0286875 3.3654091
8.1000004 3.3579035 3.2256598 3.9225783 3.3931777
8.2000008 3.3239129 3.2207201 3.8581221 3.3536429
8.3000002 3.2948823 3.2436600 3.8471420 3.3269877
8.4000006 3.3354468 3.3003547 3.8887286 3.3541396
8.5000000 3.3565657 3.3248641 3.8741100 3.3248146
8.6000004 3.3877103 3.3880010 3.8610609 3.2608113
8.7000008 3.3696094 3.3951144 3.9668362 3.3266165
8.8000002 3.4153092 3.4279513 4.0095162 3.3403766
8.9000006 3.4220555 3.4937322 3.9472299 3.3021612
9.0000000 3.4358432 3.6397600 3.8688967 3.3897560
9.1000004 3.4052353 3.6750691 3.8572483 3.3378177
9.2000008 3.4596868 3.6359870 3.8692062 3.3834357
9.3000002 3.4861519 3.5500858 3.9616513 3.3288302
9.4000006 3.5064173 3.5323038 4.1119184 3.2633812
9.5000000 3.4217296 3.6287265 4.1749887 3.3629239
9.6000004 3.4802864 3.6539416 4.1720572 3.3550289
9.7000008 3.5317848 3.7418458 4.2274981 3.2742023
9.8000002 3.5044172 3.6705213 4.3057175 3.4073846
9.9000006 3.4661016 3.7495129 4.2252927 3.3848569
10.0000000 3.4459045 3.7282958 4.1907964 3.3835137
10.1000004 3.5247874 3.8510561 4.2051101 3.3408422
10.2000008 3.5508351 3.8994620 4.1622419 3.2738762
10.3000002 3.5370436 4.0429740 4.0610113 3.1696272
10.4000006 3.5741181 4.0429444 4.0005107 3.1497817
10.5000010 3.5984306 4.0092268 4.0390205 3.1743221
10.6000004 3.6865506 3.9661281 4.1354594 3.2174573
10.7000008 3.6943367 3.9881315 4.2448559 3.2802379
10.8000002 3.7772698 4.0818167 4.2560363 3.4193187
10.9000006 3.8518257 3.9328179 4.2244277 3.5479753
11.0000010 3.8713338 3.9629750 4.1713929 3.5722380
11.1000004 3.8855183 3.9263468 4.2370420 3.5997269
11.2000008 3.8115311 3.9589384 4.1987381 3.5464807
11.3000002 3.8753459 3.9164963 4.2390890 3.5758955
11.4000006 3.9991789 4.0172157 4.2337408 3.6039689
11.5000010 4.0538235 4.0691485 4.2014704 3.5894663
11.6000004 4.0358839 4.0558143 4.0841346 3.5736976
11.7000008 4.1552577 4.0007105 4.0117006 3.5479510
11.8000002 4.0826344 4.0639553 3.9922705 3.5745239
11.9000006 4.0139170 4.0397563 4.0540323 3.5923693
12.0000010 4.0715475 3.9793358 4.1506538 3.6349490
12.1000004 4.2010269 3.8849716 4.1939297 3.6491241
12.2000008 4.3209686 3.8738360 4.2059627 3.6514452
12.3000002 4.2984862 3.8882868 4.1680651 3.7109544
12.4000006 4.3617611 3.8906529 4.2064967 3.7825110
12.5000010 4.3269777 3.9416103 4.2205343 3.7158983
12.6000004 4.2658801 3.9939857 4.1893096 3.7314458
12.7000008 4.2996426 4.0622058 4.1441069 3.7804852
12.8000002 4.3438773 3.9718270 4.2154698 3.8175516
12.9000006 4.3459969 3.9919021 4.2961464 3.8491516
13.0000010 4.4566746 4.1096401 4.3530345 3.9305098
13.1000004 4.5212131 4.1706247 4.3998919 3.9405451
13.2000008 4.6366301 4.1162124 4.4179249 4.0188150
13.3000002 4.5531120 4.0624766 4.5038056 4.0972347
13.4000006 4.4782505 3.9927986 4.5335059 4.2188821
13.5000010 4.4784055 4.0434103 4.4498739 4.1930594
13.6000004 4.5391560 4.1288414 4.4214377 4.1428990
13.7000008 4.6135783 4.1350923 4.4026623 4.1764793
13.8000002 4.6885328 4.1723166 4.4223919 4.1633797
13.9000006 4.5717044 4.1959229 4.3953714 4.1371417
14.0000010 4.5728645 4.2402253 4.3729868 4.1699448
14.1000004 4.5833564 4.2589669 4.3844275 4.2723475
14.2000008 4.5968804 4.1784325 4.4156747 4.3393788
14.3000011 4.6600847 4.1464305 4.4941540 4.3844070
14.4000006 4.6235914 4.0708995 4.3698978 4.5043693
14.5000010 4.6500626 4.1190014 4.3427672 4.5836940
14.6000004 4.6389012 4.1086087 4.3196454 4.6779809
14.7000008 4.6056523 4.1567006 4.3637319 4.5588431
14.8000011 4.5984650 4.0925245 4.2906609 4.4611125
14.9000006 4.5173984 4.0968161 4.2777290 4.4604449
15.0000010 4.5650492 4.1194005 4.2652731 4.4843626
15.1000004 4.6367459 4.1344776 4.2594767 4.5076928
15.2000008 4.6067328 4.1113815 4.2275391 4.5069656
15.3000011 4.6165066 4.1377025 4.2288356 4.4731503
15.4000006 4.6292539 4.1146274 4.2309504 4.5219703
15.5000010 4.6473780 4.0476542 4.3099427 4.5144300
15.6000004 4.6226964 4.0995421 4.2827625 4.5777440
15.7000008 4.6135125 4.1779661 4.2445173 4.5702538
15.8000011 4.6558228 4.1968169 4.2413335 4.6251712
15.9000006 4.6611919 4.2078409 4.2057824 4.6164250
16.0000000 4.6790442 4.2164598 4.2837272 4.4994922
16.1000004 4.6986542 4.2777147 4.2320514 4.4833870
16.2000008 4.7269588 4.3458371 4.1767087 4.5345769
16.3000011 4.7887635 4.3475056 4.2834911 4.5432186
16.4000015 4.9113240 4.2752609 4.2463350 4.5158072
16.5000000 4.8289523 4.3134513 4.3839898 4.5143094
16.6000004 4.7089481 4.3539190 4.3959622 4.3560276
16.7000008 4.6393790 4.3153253 4.3344126 4.2649808
16.8000011 4.6645865 4.3493948 4.2988977 4.2965684
16.9000015 4.7325234 4.2534194 4.3331947 4.3252273
17.0000000 4.6862426 4.3297763 4.2407718 4.2811227
17.1000004 4.6462164 4.3418608 4.2669072 4.2685618
17.2000008 4.6857653 4.4577389 4.2173495 4.3252306
17.3000011 4.7018013 4.5418940 4.2451992 4.4155598
17.4000015 4.7779756 4.5005832 4.2928367 4.4444017
17.5000000 4.8179803 4.5434866 4.3000312 4.4343672
17.6000004 4.8492737 4.5610728 4.3020577 4.5070419
17.7000008 4.8311357 4.5708227 4.3164115 4.4393320
17.8000011 4.7911243 4.5074382 4.4075718 4.4571795
17.9000015 4.8490515 4.4679255 4.4060593 4.5165715
18.0000000 4.9640365 4.5630088 4.2828345 4.4894204
18.1000004 5.0803819 4.6289229 4.2812834 4.5847869
18.2000008 5.0297256 4.5981822 4.3368330 4.5723948
18.3000011 5.1167941 4.6073861 4.3024969 4.5519466
18.4000015 5.1068397 4.5035520 4.2363715 4.4915996
18.5000000 5.0415978 4.4634900 4.2584357 4.4770951
18.6000004 5.0602918 4.4753332 4.3232632 4.6300011
18.7000008 4.9897838 4.5172334 4.2717714 4.7654219
18.8000011 4.9806108 4.5600939 4.2917089 4.9047132
18.9000015 4.9949245 4.5888534 4.3131523 4.8589334
19.0000000 5.0319281 4.6090827 4.4010062 4.7866197
19.1000004 5.1423221 4.6625776 4.4262953 4.8583398
19.2000008 5.2353659 4.5971193 4.4206061 4.7924175
19.3000011 5.2370539 4.5829086 4.4519057 4.7438521
19.4000015 5.2979894 4.5787153 4.4071312 4.7844090
19.5000000 5.3156295 4.6123757 4.3925748 4.8225250
19.6000004 5.2821965 4.6726370 4.4183593 4.7041659
19.7000008 5.2998834 4.7168050 4.4290047 4.6234078
19.8000011 5.3596139 4.7278728 4.4213853 4.6603117
19.9000015 5.4219255 4.8083410 4.4757004 4.6431923
20.0000000 5.3814731 4.8042178 4.5443897 4.7018085
