1 0.1652 0.1937 0.1950 0.1409
2 0.1639 0.2128 0.2106 0.1632
3 0.1672 0.1961 0.1862 0.1930
4 0.2084 0.2469 0.2396 0.2363
5 0.2279 0.2454 0.2433 0.2504
6 0.2754 0.3079 0.3155 0.3050
7 0.3008 0.3453 0.3592 0.3407
8 0.2857 0.3195 0.3344 0.3439
9 0.3181 0.3380 0.3767 0.3871
10 0.3300 0.3397 0.4013 0.4003
11 0.3548 0.3642 0.4378 0.4337
12 0.3877 0.3977 0.4902 0.4536
13 0.4191 0.4319 0.5445 0.4814
14 0.4581 0.4820 0.6159 0.5138
15 0.4471 0.4752 0.6113 0.4882
16 0.4406 0.4602 0.6087 0.4636
17 0.4354 0.4514 0.5932 0.4743
18 0.3911 0.3903 0.5263 0.4161
19 0.3772 0.3695 0.4889 0.4244
20 0.3319 0.3065 0.4146 0.3693
21 0.3416 0.3152 0.4428 0.3717
22 0.3333 0.2924 0.4137 0.3758
23 0.3136 0.2704 0.3662 0.3815
24 0.3127 0.2571 0.3512 0.4008
25 0.3071 0.2555 0.3335 0.4191
26 0.3379 0.2934 0.3747 0.4718
27 0.3314 0.3008 0.3714 0.4813
28 0.3782 0.3516 0.4280 0.5375
29 0.4024 0.3697 0.4573 0.5802
30 0.3781 0.3635 0.4300 0.5593
31 0.3373 0.3100 0.3626 0.5178
32 0.3305 0.3276 0.3720 0.4975
33 0.3126 0.2977 0.3433 0.4529
34 0.3387 0.3220 0.3839 0.4671
35 0.3336 0.3049 0.3768 0.4367
36 0.3539 0.3270 0.4170 0.4539
37 0.3610 0.3439 0.4408 0.4380
38 0.3854 0.3772 0.4890 0.4474
39 0.4084 0.4176 0.5399 0.4589
40 0.4351 0.4481 0.5930 0.4696
41 0.4572 0.4860 0.6348 0.4847
42 0.4795 0.5109 0.6591 0.5315
43 0.5253 0.5816 0.7429 0.5908
44 0.5518 0.6136 0.7957 0.6420
45 0.5889 0.6743 0.8722 0.7146
46 0.6148 0.7189 0.9205 0.7215
47 0.5863 0.6830 0.8583 0.6636
48 0.5671 0.6616 0.8314 0.6211
49 0.5225 0.5961 0.7593 0.5682
50 0.5110 0.5697 0.7365 0.5721
51 0.4794 0.5016 0.6565 0.5335
52 0.4597 0.4726 0.6124 0.5395
53 0.4265 0.4320 0.5478 0.5192
54 0.4136 0.4205 0.5205 0.5119
55 0.4001 0.3921 0.4866 0.5124
56 0.3791 0.3786 0.4574 0.4903
57 0.3798 0.3795 0.4502 0.5051
58 0.3490 0.3640 0.4133 0.4546
59 0.3942 0.3915 0.4554 0.4809
60 0.3946 0.4136 0.4617 0.4638
61 0.4247 0.4560 0.5074 0.5114
62 0.3925 0.4122 0.4663 0.4698
63 0.4511 0.4426 0.5192 0.5089
64 0.4587 0.4601 0.5594 0.5362
65 0.4190 0.4450 0.5423 0.5286
66 0.4527 0.4810 0.5903 0.5759
67 0.4640 0.4863 0.6057 0.5752
68 0.4759 0.4797 0.6220 0.5984
69 0.5215 0.5349 0.7029 0.6486
70 0.5403 0.5458 0.7369 0.6610
71 0.5872 0.5971 0.8195 0.7053
72 0.5877 0.6236 0.8366 0.6900
73 0.6381 0.7048 0.9158 0.7411
74 0.6598 0.7339 0.9548 0.7460
75 0.7042 0.7642 1.0057 0.7993
76 0.7425 0.8287 1.0639 0.8399
77 0.7732 0.8544 1.1004 0.8875
78 0.8222 0.9164 1.1779 0.9333
79 0.8437 0.9231 1.1891 0.9588
80 0.9091 1.0033 1.2903 1.0135
81 0.9079 1.0278 1.2918 0.9820
82 0.8329 0.9431 1.2100 0.9184
83 0.7959 0.9005 1.1597 0.8777
84 0.7429 0.8274 1.0761 0.8279
85 0.7070 0.7911 1.0289 0.7789
86 0.6545 0.7186 0.9463 0.7274
87 0.6283 0.6969 0.9175 0.6834
88 0.5855 0.6365 0.8559 0.6555
89 0.5696 0.6409 0.8334 0.6234
90 0.5243 0.5930 0.7650 0.5595
91 0.5117 0.5528 0.7382 0.5540
92 0.4717 0.4879 0.6596 0.4998
93 0.4618 0.4684 0.6335 0.5235
94 0.4134 0.4062 0.5482 0.4762
95 0.3952 0.3956 0.5408 0.4347
96 0.3799 0.3533 0.4997 0.4345
97 0.3769 0.3394 0.4735 0.4567
98 0.3673 0.3068 0.4423 0.4645
99 0.3646 0.3071 0.4243 0.4936
100 0.3683 0.2959 0.4174 0.5168
101 0.3788 0.2940 0.4156 0.5447
102 0.4123 0.3352 0.4574 0.5819
103 0.4267 0.3615 0.4944 0.5823
104 0.4204 0.3641 0.4973 0.5503
105 0.4375 0.3867 0.5371 0.5506
106 0.4335 0.4006 0.5611 0.5314
107 0.4491 0.4299 0.6006 0.5236
108 0.4718 0.4803 0.6574 0.5281
109 0.4710 0.4939 0.6791 0.5125
110 0.4951 0.5461 0.7355 0.5263
111 0.5482 0.5894 0.7916 0.5920
112 0.5932 0.6636 0.8769 0.6282
113 0.6393 0.7109 0.9394 0.6873
114 0.6951 0.7870 1.0367 0.7368
115 0.7409 0.8423 1.0945 0.7995
116 0.7903 0.9126 1.1913 0.8430
117 0.8484 0.9823 1.2675 0.9055
118 0.9153 1.0530 1.3586 0.9532
119 0.9234 1.0489 1.3688 0.9272
120 0.8650 0.9908 1.3013 0.8630
121 0.8003 0.9123 1.2102 0.8062
122 0.7459 0.8463 1.1379 0.7588
123 0.7216 0.8155 1.1133 0.7067
124 0.6650 0.7602 1.0035 0.6708
125 0.6136 0.7009 0.9276 0.6227
126 0.5599 0.6255 0.8446 0.5801
127 0.5706 0.6134 0.8294 0.6118
128 0.5272 0.5489 0.7501 0.5747
129 0.5284 0.5260 0.7205 0.5985
130 0.4943 0.4745 0.6539 0.5812
131 0.5043 0.4803 0.6513 0.6111
132 0.4924 0.4474 0.6139 0.6218
133 0.4869 0.4425 0.5971 0.6316
134 0.4686 0.4176 0.5607 0.6358
135 0.4722 0.4325 0.5690 0.6363
136 0.4706 0.4447 0.5727 0.6687
137 0.4909 0.4744 0.6144 0.7049
138 0.5399 0.5054 0.6457 0.7132
139 0.5590 0.4972 0.6515 0.7164
140 0.5618 0.5148 0.6774 0.7041
141 0.5723 0.5250 0.6930 0.7017
142 0.5702 0.5413 0.7110 0.6758
143 0.5611 0.5322 0.7095 0.6582
144 0.5744 0.5695 0.7683 0.6552
145 0.5908 0.5836 0.7970 0.6693
146 0.6063 0.6340 0.8608 0.6682
147 0.6487 0.6874 0.9207 0.7160
148 0.6965 0.7550 1.0069 0.7664
149 0.7502 0.8250 1.0867 0.8178
150 0.7931 0.8640 1.1398 0.8236
151 0.7989 0.9074 1.1919 0.8154
152 0.7649 0.8923 1.1709 0.7596
153 0.8119 0.9663 1.2561 0.7988
154 0.8281 0.9644 1.2553 0.8284
155 0.7619 0.8971 1.1736 0.7662
156 0.7731 0.9348 1.2176 0.7553
157 0.8430 1.0058 1.3039 0.8177
158 0.8199 0.9651 1.2555 0.8114
159 0.7664 0.9220 1.2048 0.7530
160 0.7119 0.8497 1.1097 0.7109
161 0.7442 0.8665 1.1153 0.7503
162 0.7205 0.8181 1.0444 0.7552
163 0.6767 0.7680 0.9819 0.6991
164 0.6345 0.6861 0.9408 0.6565
165 0.6343 0.6922 0.9282 0.6455
166 0.5705 0.6300 0.8666 0.5757
167 0.5408 0.5815 0.8044 0.5659
168 0.4913 0.5378 0.7421 0.5254
169 0.4920 0.5094 0.7025 0.5455
170 0.4522 0.4350 0.6179 0.5158
171 0.4277 0.4093 0.5944 0.4546
172 0.3931 0.3588 0.5306 0.4337
173 0.4032 0.3555 0.5231 0.4797
174 0.3836 0.3264 0.4847 0.4782
175 0.3897 0.3294 0.4802 0.5149
176 0.3893 0.3221 0.4824 0.5176
177 0.3732 0.2890 0.4468 0.5083
178 0.4195 0.3254 0.4993 0.5683
179 0.4281 0.3409 0.5052 0.5802
180 0.4646 0.3864 0.5627 0.5992
181 0.4643 0.3971 0.5721 0.5820
182 0.4564 0.4039 0.5877 0.5486
183 0.4575 0.4216 0.6096 0.5192
184 0.4466 0.4219 0.6036 0.4651
185 0.4796 0.4674 0.6632 0.4831
186 0.4785 0.4642 0.6737 0.4509
187 0.5103 0.5403 0.7527 0.5053
188 0.5610 0.5805 0.8027 0.5623
189 0.6113 0.6473 0.8774 0.6225
190 0.5965 0.6390 0.8700 0.5783
191 0.5425 0.5617 0.7895 0.5010
192 0.5544 0.5719 0.7987 0.5362
193 0.5199 0.5232 0.7407 0.5119
194 0.5393 0.5321 0.7612 0.5599
195 0.4994 0.4889 0.6958 0.5485
196 0.5093 0.5009 0.7080 0.5972
197 0.5072 0.4583 0.6786 0.6248
198 0.5333 0.4740 0.6697 0.6557
199 0.5115 0.4321 0.6185 0.6578
200 0.5002 0.4124 0.5869 0.6417
201 0.5350 0.4279 0.6065 0.6921
202 0.5857 0.4918 0.6801 0.7307
203 0.5789 0.5098 0.6888 0.7022
204 0.5851 0.5067 0.6812 0.7251
205 0.6312 0.5298 0.7266 0.7845
206 0.6602 0.5895 0.7905 0.8032
207 0.6514 0.6074 0.8005 0.7960
208 0.7048 0.6745 0.8664 0.8536
209 0.7059 0.7004 0.9001 0.8557
210 0.7368 0.7615 0.9839 0.8833
211 0.7245 0.7448 0.9741 0.8670
212 0.6914 0.7259 0.9557 0.8123
213 0.6984 0.7277 0.9645 0.8166
214 0.6911 0.6899 0.9246 0.8205
215 0.6735 0.6598 0.8974 0.7945
216 0.6289 0.5939 0.8124 0.7646
217 0.6328 0.6013 0.8293 0.7969
218 0.6065 0.5486 0.7646 0.7510
219 0.5911 0.5502 0.7631 0.7095
220 0.5905 0.5571 0.7755 0.6886
221 0.5659 0.5786 0.7943 0.6572
222 0.5562 0.5804 0.8040 0.6261
223 0.5811 0.6483 0.8872 0.6549
224 0.6056 0.6588 0.9144 0.6347
225 0.6175 0.6633 0.9268 0.6355
226 0.6558 0.6811 0.9860 0.6762
227 0.6306 0.6539 0.9476 0.6284
228 0.6395 0.6433 0.9260 0.6182
229 0.5967 0.5941 0.8439 0.5670
230 0.5581 0.5650 0.8138 0.5429
231 0.5897 0.5889 0.8457 0.5330
232 0.5355 0.5399 0.7823 0.4606
233 0.5083 0.4888 0.7296 0.4396
234 0.4875 0.4558 0.6822 0.4292
235 0.4939 0.4551 0.6832 0.4656
236 0.4856 0.4266 0.6481 0.4788
237 0.4373 0.3885 0.5892 0.4172
238 0.3892 0.3290 0.5116 0.3963
239 0.3865 0.3374 0.5140 0.4273
240 0.3557 0.3037 0.4690 0.4185
241 0.3665 0.3109 0.4843 0.4567
242 0.3526 0.3116 0.4828 0.4542
243 0.3747 0.3271 0.5299 0.4860
244 0.4165 0.3927 0.5881 0.5006
245 0.4516 0.4375 0.6549 0.5590
246 0.3974 0.4189 0.6474 0.5628
247 0.4225 0.4105 0.6261 0.6149
248 0.4136 0.4009 0.5940 0.6355
249 0.4188 0.4068 0.5900 0.6205
250 0.4208 0.4139 0.6034 0.5974
251 0.4017 0.3694 0.5589 0.5391
252 0.4315 0.3865 0.5904 0.5216
253 0.4336 0.3746 0.5858 0.4968
254 0.4076 0.3531 0.5553 0.4464
255 0.4362 0.3834 0.5901 0.4528
256 0.4192 0.3680 0.5666 0.4097
257 0.4568 0.4164 0.6298 0.4141
258 0.4285 0.3918 0.5940 0.3643
259 0.4706 0.4466 0.6658 0.3819
260 0.5007 0.4758 0.7127 0.4261
261 0.5411 0.5259 0.7808 0.4530
262 0.5408 0.5246 0.7753 0.4196
263 0.4777 0.4647 0.6901 0.3683
264 0.4645 0.4490 0.6743 0.3759
265 0.4477 0.4215 0.6387 0.3805
266 0.4512 0.4185 0.6393 0.4150
267 0.4309 0.3893 0.5964 0.4177
268 0.4633 0.4260 0.6404 0.4740
269 0.4549 0.4135 0.6324 0.4864
270 0.4982 0.4451 0.6757 0.5340
271 0.5006 0.4713 0.6884 0.5766
272 0.5012 0.5025 0.6859 0.5925
273 0.5360 0.5284 0.7302 0.6157
274 0.5453 0.5171 0.7268 0.5924
275 0.5597 0.5357 0.7594 0.5984
276 0.5716 0.5155 0.7471 0.5651
277 0.5302 0.4869 0.7108 0.5472
278 0.5036 0.4734 0.6787 0.5091
279 0.5003 0.4573 0.6832 0.4919
280 0.4541 0.4200 0.6416 0.4376
281 0.4538 0.4340 0.6625 0.4265
282 0.4222 0.4015 0.6085 0.3654
283 0.4246 0.4045 0.6112 0.3526
284 0.4138 0.3990 0.6059 0.3201
285 0.4380 0.4246 0.6413 0.3282
286 0.4193 0.3909 0.5931 0.2989
287 0.3756 0.3399 0.5230 0.2703
288 0.3837 0.3438 0.5295 0.2937
289 0.3812 0.3416 0.5284 0.3149
290 0.3847 0.3419 0.5186 0.3439
291 0.3679 0.3181 0.4904 0.3173
292 0.3336 0.2770 0.4390 0.3118
293 0.3258 0.2728 0.4370 0.3306
294 0.2891 0.2369 0.3811 0.3240
295 0.2891 0.2430 0.3884 0.3432
296 0.2530 0.2108 0.3417 0.3215
297 0.2406 0.2291 0.3579 0.3143
298 0.2154 0.2373 0.3583 0.2643
299 0.2532 0.3220 0.4404 0.3112
300 0.2524 0.3097 0.4134 0.3168
301 0.2956 0.3422 0.4792 0.3868
302 0.2807 0.3066 0.4508 0.3956
303 0.3079 0.3125 0.4773 0.4168
304 0.3201 0.2957 0.4552 0.3962
305 0.3102 0.2846 0.4465 0.3500
306 0.3181 0.2803 0.4405 0.3418
307 0.2906 0.2480 0.3991 0.2988
308 0.3227 0.2757 0.4388 0.3044
309 0.3029 0.2558 0.4019 0.2677
310 0.3268 0.2822 0.4425 0.2595
311 0.3041 0.2553 0.4009 0.2162
312 0.3279 0.2827 0.4414 0.2190
313 0.3249 0.2827 0.4453 0.2222
314 0.3170 0.2836 0.4462 0.2066
315 0.3009 0.2726 0.4264 0.2071
316 0.3150 0.3079 0.4674 0.2129
317 0.2894 0.2646 0.4409 0.2039
318 0.2953 0.2829 0.4605 0.2208
319 0.2522 0.2399 0.3807 0.1995
320 0.2633 0.2449 0.4149 0.1836
321 0.3158 0.3226 0.4774 0.2131
322 0.3010 0.3122 0.4324 0.1884
323 0.2694 0.2445 0.3798 0.1718
324 0.2812 0.2375 0.3749 0.1630
325 0.2578 0.2008 0.3155 0.1458
326 0.2767 0.2237 0.3563 0.1825
327 0.2847 0.2381 0.3801 0.2078
328 0.2784 0.2318 0.3730 0.2297
329 0.3082 0.2762 0.4359 0.2774
330 0.3001 0.2771 0.4317 0.2938
331 0.3535 0.3211 0.4970 0.3475
332 0.3567 0.3262 0.4967 0.3577
333 0.3865 0.3542 0.5325 0.3996
334 0.4508 0.4102 0.6119 0.4469
335 0.4752 0.4114 0.6063 0.4760
336 0.5193 0.4261 0.6654 0.5178
337 0.5368 0.4335 0.6959 0.5426
338 0.5283 0.4483 0.7289 0.5337
339 0.5155 0.4489 0.7220 0.5149
340 0.4610 0.4216 0.6610 0.4559
341 0.4632 0.4509 0.7102 0.4495
342 0.4353 0.4308 0.6517 0.4067
343 0.3761 0.3633 0.5539 0.3487
344 0.3431 0.3551 0.5289 0.3200
345 0.2993 0.3026 0.4515 0.2693
346 0.2879 0.2740 0.4191 0.2446
347 0.2428 0.2162 0.3401 0.1958
348 0.2384 0.2010 0.3215 0.1750
349 0.2076 0.1582 0.2614 0.1379
350 0.1849 0.1335 0.2224 0.1269
351 0.1887 0.1205 0.1925 0.1120
352 0.2278 0.1625 0.2631 0.1144
353 0.2606 0.1986 0.3163 0.1401
354 0.2367 0.1635 0.2761 0.1446
355 0.2594 0.1959 0.3225 0.1794
356 0.2269 0.1597 0.2799 0.1617
357 0.2424 0.1807 0.3063 0.2074
358 0.2865 0.2212 0.3479 0.2415
359 0.2606 0.1833 0.3063 0.2512
360 0.2373 0.1609 0.2784 0.2422
361 0.2182 0.1471 0.2491 0.2504
362 0.2059 0.1442 0.2436 0.2503
363 0.1803 0.1414 0.1936 0.2327
364 0.1915 0.1617 0.2216 0.2517
365 0.1644 0.1917 0.2254 0.2219
366 0.1764 0.1971 0.2046 0.1914
367 0.2366 0.2390 0.2674 0.1800
368 0.2481 0.2517 0.2948 0.2062
369 0.2781 0.3112 0.3647 0.2228
370 0.2636 0.2792 0.3739 0.2537
371 0.2172 0.2236 0.3300 0.2302
372 0.1911 0.1744 0.2751 0.2258
373 0.1687 0.1476 0.2144 0.1845
374 0.1737 0.1277 0.2075 0.1881
375 0.1704 0.1122 0.1779 0.1742
376 0.1868 0.1228 0.2139 0.1692
377 0.2014 0.1356 0.2254 0.1806
378 0.2083 0.1397 0.2345 0.1595
379 0.2354 0.1775 0.2760 0.1892
380 0.2450 0.1808 0.2866 0.1773
381 0.2071 0.1389 0.2236 0.1443
382 0.1828 0.1305 0.1899 0.1494
383 0.1976 0.1559 0.2667 0.1774
384 0.2189 0.1893 0.2693 0.2001
385 0.2357 0.1864 0.2737 0.1816
386 0.2383 0.1951 0.2764 0.2094
387 0.2140 0.1596 0.2325 0.1818
388 0.1735 0.1240 0.1721 0.1581
389 0.1674 0.1150 0.1539 0.1585
390 0.1469 0.1013 0.1426 0.1262
391 0.1385 0.1187 0.1490 0.1320
392 0.1532 0.1454 0.2090 0.1328
393 0.1544 0.1853 0.2431 0.1394
394 0.1883 0.2242 0.2930 0.1878
395 0.2206 0.2697 0.3596 0.2134
396 0.2641 0.3199 0.4217 0.2598
397 0.2590 0.3261 0.4370 0.2713
398 0.2306 0.2709 0.3932 0.2444
399 0.2099 0.2282 0.3436 0.2027
400 0.2215 0.2364 0.3349 0.1833
401 0.2372 0.2448 0.3473 0.1981
402 0.1879 0.2055 0.2837 0.1552
403 0.1504 0.1566 0.2022 0.1183
404 0.1467 0.1801 0.2003 0.1193
405 0.1368 0.1601 0.1531 0.1299
406 0.1367 0.1261 0.1243 0.1378
407 0.1592 0.1459 0.1460 0.1711
408 0.1809 0.1607 0.1806 0.1973
409 0.2223 0.1958 0.2417 0.2378
410 0.2599 0.2556 0.3033 0.2932
411 0.2807 0.2735 0.3490 0.3012
412 0.2936 0.2907 0.3706 0.3067
413 0.2883 0.2684 0.3478 0.2816
414 0.3027 0.2879 0.3933 0.2741
415 0.3034 0.2814 0.3834 0.2869
416 0.2877 0.2456 0.3543 0.2590
417 0.2537 0.2100 0.2920 0.2476
418 0.2387 0.1870 0.2682 0.2338
419 0.2766 0.2248 0.3294 0.2576
420 0.2813 0.2191 0.3261 0.2938
421 0.2505 0.1962 0.2817 0.2882
422 0.2445 0.1825 0.2610 0.3061
423 0.2114 0.1592 0.2069 0.2845
424 0.2027 0.1541 0.2081 0.2858
425 0.2263 0.1883 0.2203 0.3206
426 0.2310 0.2142 0.2133 0.3052
427 0.2737 0.2628 0.2693 0.3551
428 0.3078 0.3302 0.3072 0.3679
429 0.2807 0.2925 0.2684 0.3365
430 0.2590 0.3027 0.2732 0.2866
431 0.2118 0.2583 0.2232 0.2555
432 0.1878 0.2271 0.2008 0.2446
433 0.1891 0.1946 0.1838 0.2670
434 0.2035 0.2043 0.2008 0.2788
435 0.2020 0.1789 0.1916 0.2622
436 0.2406 0.2088 0.2506 0.3058
437 0.2441 0.2045 0.2605 0.2852
438 0.2882 0.2495 0.3344 0.3270
439 0.2983 0.2725 0.3654 0.3206
440 0.3423 0.3247 0.4376 0.3566
441 0.3485 0.3379 0.4554 0.3484
442 0.3446 0.3390 0.4435 0.3679
443 0.3669 0.3666 0.4753 0.4053
444 0.3383 0.3334 0.4229 0.3893
445 0.3074 0.2899 0.3629 0.3667
446 0.2764 0.2635 0.3133 0.3351
447 0.2587 0.2488 0.2796 0.3265
448 0.2170 0.2211 0.2237 0.2728
449 0.2200 0.2454 0.2339 0.2739
450 0.1838 0.2248 0.2114 0.2200
451 0.1969 0.2636 0.2599 0.2083
452 0.2024 0.2962 0.2938 0.2031
453 0.1895 0.2935 0.2980 0.1691
454 0.2121 0.3579 0.3626 0.1706
455 0.2177 0.3717 0.3879 0.1593
456 0.2433 0.4131 0.4389 0.1650
457 0.2648 0.4407 0.4876 0.1794
458 0.2933 0.4797 0.5174 0.2077
459 0.3268 0.5293 0.5682 0.2312
460 0.3631 0.5699 0.6044 0.2650
461 0.3900 0.6117 0.6482 0.2811
462 0.4337 0.6592 0.6949 0.3214
463 0.4708 0.7006 0.7412 0.3501
464 0.4931 0.7085 0.7482 0.3708
465 0.5388 0.7522 0.7834 0.4120
466 0.5622 0.7843 0.8101 0.4426
467 0.5948 0.8430 0.8681 0.4607
468 0.6187 0.8825 0.8987 0.4769
469 0.6437 0.9373 0.9509 0.4999
470 0.6037 0.9071 0.9299 0.4861
471 0.6059 0.9065 0.9302 0.4866
472 0.5764 0.8797 0.9295 0.4667
473 0.5766 0.8689 0.9112 0.4675
474 0.6052 0.9056 0.9526 0.5012
475 0.6004 0.9054 0.9502 0.5135
476 0.6278 0.9128 0.9611 0.5433
477 0.7136 0.9629 0.9756 0.6019
478 0.7227 0.9780 0.9730 0.5982
479 0.7086 0.9984 1.0053 0.5904
480 0.6935 0.9728 0.9695 0.5721
481 0.6317 0.9439 0.9697 0.5195
482 0.6029 0.8934 0.9200 0.4915
483 0.5767 0.8607 0.8816 0.4565
484 0.5451 0.8079 0.8332 0.4233
485 0.5087 0.7552 0.7833 0.3796
486 0.4716 0.7067 0.7387 0.3460
487 0.4379 0.6671 0.6956 0.3278
488 0.3985 0.6244 0.6574 0.2938
489 0.3729 0.5619 0.6127 0.2770
490 0.3296 0.5469 0.5891 0.2425
491 0.3035 0.5039 0.5456 0.2229
492 0.2789 0.4707 0.5216 0.1993
493 0.2569 0.4843 0.4689 0.1864
494 0.2410 0.5103 0.4440 0.1881
495 0.2212 0.4650 0.3654 0.1881
496 0.2312 0.4063 0.3228 0.2121
497 0.2496 0.4445 0.3316 0.2426
498 0.2457 0.4444 0.3701 0.2311
499 0.2842 0.4465 0.4231 0.2663
500 0.3254 0.4617 0.4606 0.2892
501 0.3417 0.4745 0.5067 0.3068
502 0.3105 0.4477 0.4793 0.2675
503 0.3264 0.4756 0.5294 0.2790
504 0.3153 0.4728 0.5153 0.2585
505 0.3481 0.5143 0.5412 0.2871
506 0.3579 0.5325 0.5553 0.2802
507 0.3856 0.5564 0.5688 0.3107
508 0.4073 0.5938 0.6106 0.3269
509 0.4397 0.6177 0.6227 0.3608
510 0.4740 0.6603 0.6722 0.3828
511 0.5012 0.6807 0.6871 0.4122
512 0.4772 0.6294 0.6432 0.3938
513 0.4962 0.6431 0.6543 0.4228
514 0.5297 0.6966 0.7032 0.4678
515 0.5371 0.7105 0.7190 0.4997
516 0.5343 0.7144 0.7174 0.4982
517 0.5915 0.7772 0.7715 0.5450
518 0.6214 0.7767 0.7712 0.5324
519 0.5611 0.7473 0.7504 0.4822
520 0.5732 0.7823 0.7903 0.4927
521 0.5417 0.7652 0.7728 0.4566
522 0.5390 0.7612 0.7676 0.4570
523 0.5207 0.7411 0.7524 0.4342
524 0.5364 0.7878 0.8022 0.4628
525 0.5546 0.7875 0.8024 0.4827
526 0.5537 0.7753 0.7821 0.4906
527 0.5670 0.7946 0.7929 0.5026
528 0.5428 0.7444 0.7389 0.4676
529 0.5200 0.7052 0.7024 0.4353
530 0.4729 0.6554 0.6631 0.3977
531 0.4557 0.6399 0.6518 0.3829
532 0.4233 0.6008 0.6127 0.3524
533 0.4176 0.6050 0.6251 0.3412
534 0.3977 0.5805 0.6145 0.3332
535 0.3622 0.5517 0.5996 0.2989
536 0.3508 0.5285 0.5788 0.2956
537 0.3130 0.4941 0.5311 0.2570
538 0.3242 0.4875 0.5171 0.2790
539 0.3172 0.4692 0.5172 0.2728
540 0.3054 0.4781 0.5348 0.2486
541 0.3052 0.4701 0.5258 0.2400
542 0.3034 0.4994 0.5543 0.2267
543 0.3013 0.5073 0.5636 0.2197
544 0.3267 0.5415 0.5924 0.2524
545 0.3477 0.5769 0.6203 0.2668
546 0.3847 0.6027 0.6476 0.3000
547 0.4084 0.6448 0.6853 0.3178
548 0.4579 0.6815 0.7113 0.3567
549 0.4973 0.7266 0.7513 0.3854
550 0.5121 0.7442 0.7625 0.4111
551 0.5500 0.7985 0.8099 0.4386
552 0.5723 0.8225 0.8365 0.4692
553 0.6114 0.8631 0.8710 0.5460
554 0.6623 0.9259 0.9314 0.6127
555 0.6904 0.9530 0.9537 0.6413
556 0.7378 0.9975 0.9705 0.7003
557 0.7072 0.9287 0.9094 0.6498
558 0.6741 0.8787 0.8627 0.5997
559 0.6709 0.8885 0.8676 0.6072
560 0.6326 0.8311 0.8244 0.5644
561 0.6163 0.8332 0.8451 0.5391
562 0.6104 0.8102 0.8191 0.5356
563 0.5666 0.7511 0.7644 0.4955
564 0.5242 0.7159 0.7360 0.4371
565 0.5027 0.7003 0.7208 0.4131
566 0.4668 0.6413 0.6676 0.3728
567 0.4359 0.6238 0.6477 0.3445
568 0.3963 0.5708 0.5897 0.3103
569 0.3660 0.5458 0.5652 0.2798
570 0.3393 0.5014 0.5104 0.2636
571 0.3105 0.4636 0.4908 0.2403
572 0.3006 0.4416 0.4599 0.2454
573 0.2957 0.4338 0.4497 0.2581
574 0.3334 0.4733 0.5041 0.3057
575 0.3265 0.4755 0.5028 0.3496
576 0.3203 0.4751 0.4952 0.3776
577 0.4032 0.5339 0.5701 0.4493
578 0.4778 0.5784 0.6065 0.4899
579 0.5209 0.5791 0.5971 0.5081
580 0.4478 0.5382 0.5067 0.4253
581 0.4320 0.5203 0.4234 0.3686
582 0.3431 0.4452 0.3929 0.2893
583 0.2792 0.4020 0.3738 0.2812
584 0.2296 0.3586 0.3413 0.2186
585 0.2000 0.3111 0.3085 0.1776
586 0.2143 0.3456 0.3526 0.1703
587 0.2059 0.3289 0.3453 0.1476
588 0.2318 0.3702 0.3923 0.1502
589 0.2730 0.4278 0.4430 0.1858
590 0.2766 0.4342 0.4494 0.2000
591 0.3111 0.4727 0.4918 0.2321
592 0.3376 0.5072 0.5358 0.2511
593 0.3840 0.5539 0.5825 0.2935
594 0.4096 0.5966 0.6261 0.3110
595 0.4564 0.6438 0.6811 0.3555
596 0.4933 0.6940 0.7289 0.3810
597 0.5321 0.7426 0.7742 0.4305
598 0.5802 0.8004 0.8210 0.4709
599 0.6052 0.8316 0.8415 0.4887
600 0.6326 0.8592 0.8559 0.5112
601 0.6549 0.8883 0.8878 0.5443
602 0.6312 0.8866 0.8863 0.4832
603 0.6780 0.9442 0.9607 0.5000
604 0.7075 0.9791 1.0184 0.4893
605 0.6715 0.9330 0.9348 0.4433
606 0.6373 0.8976 0.9095 0.4615
607 0.6017 0.8581 0.8698 0.4479
608 0.5927 0.8325 0.8460 0.4606
609 0.5878 0.8251 0.8455 0.4498
610 0.5769 0.8008 0.8277 0.4515
611 0.5919 0.8199 0.8436 0.4702
612 0.5629 0.7738 0.8113 0.4538
613 0.5749 0.7893 0.8228 0.4789
614 0.5491 0.7534 0.8001 0.4637
615 0.5670 0.7724 0.8136 0.4887
616 0.5432 0.7380 0.7883 0.4772
617 0.5420 0.7426 0.7900 0.4831
618 0.5259 0.7246 0.7785 0.4845
619 0.5543 0.7686 0.8091 0.5401
620 0.5587 0.7640 0.7899 0.5525
621 0.5482 0.7525 0.7612 0.4878
622 0.5550 0.6998 0.7519 0.4920
623 0.5160 0.6541 0.7266 0.4436
624 0.5228 0.6568 0.7230 0.4440
625 0.5090 0.6360 0.6945 0.4299
626 0.4875 0.6190 0.6834 0.4337
627 0.4729 0.6027 0.6517 0.4294
628 0.4464 0.5730 0.6179 0.4115
629 0.4658 0.6003 0.6755 0.4321
630 0.4659 0.6040 0.6886 0.4333
631 0.4786 0.6244 0.7101 0.4457
632 0.4841 0.6403 0.7278 0.4661
633 0.4923 0.6576 0.7331 0.4576
634 0.5113 0.6942 0.7523 0.4737
635 0.5147 0.7016 0.7632 0.4691
636 0.5557 0.7614 0.8002 0.4992
637 0.5451 0.7486 0.7935 0.4820
638 0.5698 0.7947 0.8257 0.5074
639 0.5847 0.8106 0.8359 0.4986
640 0.6226 0.8684 0.8786 0.5373
641 0.6189 0.8638 0.8742 0.5143
642 0.6113 0.8502 0.8608 0.5057
643 0.5810 0.8068 0.8215 0.4802
644 0.5375 0.7459 0.7818 0.4287
645 0.5061 0.7051 0.7517 0.4025
646 0.4679 0.6546 0.7138 0.3786
647 0.4802 0.6654 0.7265 0.3910
648 0.4585 0.6206 0.7041 0.3668
649 0.4608 0.6222 0.7088 0.3752
650 0.4352 0.5727 0.6866 0.3434
651 0.4330 0.5650 0.6810 0.3501
652 0.4187 0.5274 0.6575 0.3228
653 0.4171 0.5167 0.6453 0.3304
654 0.4253 0.5110 0.6555 0.3380
655 0.3995 0.4789 0.6358 0.3368
656 0.4059 0.4762 0.6367 0.3340
657 0.4080 0.5044 0.6405 0.3443
658 0.3966 0.4892 0.6363 0.3398
659 0.4005 0.5066 0.6466 0.3519
660 0.4061 0.5109 0.6541 0.3730
661 0.4268 0.5389 0.6702 0.3966
662 0.4517 0.5920 0.6913 0.4204
663 0.4736 0.6170 0.7267 0.4485
664 0.4980 0.6532 0.7538 0.4767
665 0.5817 0.7182 0.7677 0.5486
666 0.6129 0.7203 0.7665 0.5707
667 0.6169 0.7152 0.7698 0.6322
668 0.6040 0.6958 0.7730 0.6706
669 0.5483 0.6353 0.7494 0.6003
670 0.5274 0.6473 0.7475 0.5439
671 0.4619 0.6047 0.7375 0.4375
672 0.4693 0.5920 0.7206 0.4138
673 0.4926 0.6116 0.7490 0.3867
674 0.4409 0.5402 0.6759 0.3572
675 0.4144 0.4664 0.6340 0.3255
676 0.3885 0.4214 0.6181 0.2959
677 0.3595 0.3783 0.6048 0.2489
678 0.3482 0.3007 0.5882 0.2387
679 0.3644 0.3645 0.6541 0.2376
680 0.3508 0.4100 0.5931 0.2674
681 0.3462 0.4206 0.5573 0.3036
682 0.3251 0.4604 0.5861 0.2998
683 0.3377 0.4522 0.6007 0.2765
684 0.3746 0.4813 0.6375 0.2879
685 0.3950 0.4983 0.6426 0.3168
686 0.4115 0.5318 0.6611 0.3283
687 0.4439 0.5813 0.6855 0.3693
688 0.4626 0.6175 0.7090 0.3876
689 0.4937 0.6770 0.7391 0.4264
690 0.5128 0.6964 0.7351 0.4432
691 0.5103 0.7008 0.7357 0.4332
692 0.5401 0.7387 0.7665 0.4464
693 0.5518 0.7496 0.7760 0.4574
694 0.6116 0.8185 0.8122 0.5086
695 0.6434 0.8841 0.8426 0.5135
696 0.6554 0.9068 0.8565 0.5467
697 0.6296 0.8449 0.8321 0.5405
698 0.6106 0.8251 0.8141 0.5303
699 0.5225 0.7485 0.7820 0.4970
700 0.5116 0.7337 0.7745 0.4956
701 0.4847 0.6616 0.7202 0.4587
702 0.4771 0.6459 0.6940 0.4543
703 0.4606 0.6025 0.6935 0.4251
704 0.4487 0.5829 0.6889 0.4163
705 0.4349 0.5560 0.6714 0.3906
706 0.4290 0.5432 0.6663 0.3876
707 0.4295 0.5394 0.6524 0.3838
708 0.4308 0.5233 0.6590 0.3776
709 0.4508 0.5138 0.6055 0.4055
710 0.4472 0.5559 0.6634 0.3922
711 0.4713 0.5615 0.6698 0.4499
712 0.4766 0.5396 0.6456 0.4467
713 0.4932 0.5626 0.6593 0.4282
714 0.5065 0.6116 0.6952 0.4194
715 0.5360 0.6595 0.7163 0.4439
716 0.5127 0.6441 0.7111 0.4265
717 0.4847 0.6046 0.6866 0.3992
718 0.4819 0.6060 0.6957 0.4021
719 0.4689 0.5956 0.6973 0.3900
720 0.4720 0.6016 0.7054 0.3763
721 0.4747 0.6302 0.7273 0.3853
722 0.4835 0.6449 0.7338 0.3779
723 0.4871 0.6616 0.7400 0.3845
724 0.4691 0.6379 0.7244 0.3559
725 0.4775 0.6624 0.7333 0.3635
726 0.4699 0.6578 0.7296 0.3481
727 0.5101 0.7191 0.7674 0.3784
728 0.5190 0.7337 0.7833 0.3659
729 0.5500 0.7710 0.8083 0.3936
730 0.5493 0.7586 0.8039 0.4011
731 0.5127 0.7026 0.7665 0.3759
732 0.5078 0.6903 0.7621 0.3773
733 0.5295 0.7200 0.7808 0.4131
734 0.5373 0.7205 0.7883 0.4214
735 0.5089 0.6757 0.7602 0.4012
736 0.5220 0.6915 0.7647 0.4251
737 0.5140 0.6738 0.7477 0.4227
738 0.5163 0.6704 0.7420 0.4311
739 0.5194 0.6723 0.7339 0.4375
740 0.5126 0.6670 0.7334 0.4333
741 0.5317 0.6889 0.7394 0.4537
742 0.5187 0.6581 0.7149 0.4459
743 0.5369 0.6891 0.7284 0.4712
744 0.5448 0.6888 0.7151 0.4707
745 0.5510 0.7161 0.7521 0.4778
746 0.5239 0.6917 0.7303 0.4466
747 0.4628 0.6192 0.6630 0.4033
748 0.4242 0.5676 0.6378 0.3848
749 0.3772 0.4913 0.5860 0.3584
750 0.3413 0.4189 0.5539 0.3327
751 0.3078 0.3448 0.5183 0.3163
752 0.2889 0.2849 0.5140 0.3065
753 0.2912 0.2458 0.5088 0.2959
754 0.3079 0.2493 0.5327 0.2961
755 0.3487 0.2845 0.5662 0.3140
756 0.3684 0.3060 0.5768 0.3012
757 0.3377 0.2853 0.5324 0.2660
758 0.3853 0.3556 0.5596 0.2665
759 0.4408 0.4116 0.6304 0.3085
760 0.5104 0.4960 0.7040 0.3064
761 0.5216 0.5423 0.7458 0.3455
762 0.6192 0.6440 0.8088 0.3572
763 0.6560 0.7300 0.8770 0.4327
764 0.7453 0.7853 0.9536 0.5016
765 0.7758 0.8545 1.0060 0.5234
766 0.8893 1.0161 1.1292 0.6508
767 0.9934 1.0961 1.2290 0.7853
768 1.0274 1.0144 1.2219 0.8513
769 1.0654 0.9712 1.2775 0.9390
770 1.0002 0.9550 1.2905 0.9330
771 0.9262 0.9221 1.2836 0.8342
772 0.8555 0.8155 1.1894 0.7633
773 0.8213 0.7571 1.0328 0.7252
774 0.7560 0.6804 0.9482 0.6504
775 0.6242 0.6138 0.8551 0.6040
776 0.5468 0.5925 0.8340 0.5287
777 0.5105 0.5323 0.7602 0.4557
778 0.4802 0.4694 0.7089 0.3887
779 0.4349 0.4200 0.6733 0.3843
780 0.3844 0.3485 0.5939 0.3293
781 0.3614 0.3187 0.5875 0.3473
782 0.3210 0.2667 0.5563 0.3347
783 0.3235 0.2974 0.5659 0.3505
784 0.3164 0.3259 0.5590 0.3477
785 0.3367 0.3830 0.5855 0.3758
786 0.3746 0.4600 0.6123 0.3854
787 0.4023 0.5257 0.6367 0.4151
788 0.4417 0.6014 0.6851 0.4290
789 0.4412 0.6431 0.6916 0.4485
790 0.5050 0.7339 0.7519 0.4687
791 0.5587 0.8036 0.8551 0.5177
792 0.5837 0.8863 0.8948 0.5512
793 0.5804 0.8335 0.8848 0.5328
794 0.5388 0.7535 0.8168 0.4855
795 0.5661 0.7728 0.8489 0.4889
796 0.5509 0.7207 0.8197 0.4665
797 0.4952 0.6342 0.7409 0.4307
798 0.4549 0.5546 0.6968 0.4005
799 0.3962 0.4667 0.6373 0.3796
800 0.3623 0.4044 0.5917 0.3625
801 0.3333 0.3289 0.5626 0.3462
802 0.3165 0.2882 0.5376 0.3326
803 0.3277 0.2820 0.5454 0.3373
804 0.3355 0.3002 0.5442 0.3431
805 0.3919 0.3359 0.6038 0.3989
806 0.4203 0.3902 0.6528 0.4419
807 0.5065 0.4743 0.6799 0.4676
808 0.5175 0.4858 0.7082 0.5066
809 0.5722 0.5479 0.7367 0.5373
810 0.5183 0.4994 0.6871 0.4979
811 0.4367 0.4380 0.6416 0.4370
812 0.4099 0.4266 0.6275 0.3942
813 0.3948 0.3906 0.6211 0.3897
814 0.4347 0.4277 0.6740 0.4393
815 0.4221 0.4131 0.6686 0.4359
816 0.4615 0.4792 0.7396 0.4824
817 0.4553 0.4833 0.7394 0.4798
818 0.4296 0.4481 0.7059 0.4466
819 0.4484 0.4910 0.7281 0.4702
820 0.4431 0.5068 0.7277 0.4766
821 0.4623 0.5503 0.7530 0.5014
822 0.4835 0.6040 0.7734 0.5192
823 0.5362 0.6756 0.8247 0.5487
824 0.4833 0.5917 0.7742 0.4996
825 0.5064 0.6015 0.7942 0.5068
826 0.4686 0.5249 0.7398 0.4659
827 0.4800 0.5234 0.7486 0.4740
828 0.4444 0.4502 0.7065 0.4437
829 0.4476 0.4231 0.7008 0.4452
830 0.4587 0.4343 0.7165 0.4622
831 0.4927 0.4999 0.7607 0.4879
832 0.4757 0.5044 0.7461 0.4654
833 0.5173 0.5873 0.7919 0.5166
834 0.6029 0.6761 0.8307 0.5554
835 0.6547 0.6831 0.8875 0.6160
836 0.8561 0.6199 0.9851 0.7108
837 0.9498 0.6211 0.9318 0.7796
838 1.1358 0.5794 0.9076 0.8139
839 1.3245 0.5269 0.8798 0.7772
840 1.2274 0.5578 1.0115 0.7947
841 1.2260 0.5659 1.1902 0.8074
842 1.3696 0.6059 1.3310 0.9860
843 1.3243 0.5956 1.4565 1.0235
844 1.2003 0.6593 1.6066 0.9895
845 1.2252 0.6701 1.7258 1.1571
846 1.2122 0.6269 1.7908 1.2572
847 1.0993 0.6753 1.7987 1.2383
848 1.1987 0.7267 1.8514 1.1729
849 1.0578 0.7142 1.8159 1.0729
850 0.9813 0.7355 1.6758 0.8934
851 0.8537 0.7680 1.4886 0.8200
852 0.8317 0.7416 1.2864 0.8019
853 0.8217 0.8013 1.1530 0.7766
854 0.7393 0.9162 1.0253 0.8132
855 0.7207 0.8618 0.8029 0.8010
856 0.6501 0.8754 0.7785 0.7224
857 0.6276 0.7807 0.7352 0.7349
858 0.5638 0.8659 0.7308 0.7489
859 0.6171 0.8126 0.7158 0.7312
860 0.6561 0.8389 0.6785 0.7561
861 0.6448 0.9111 0.6433 0.7336
862 0.6452 0.8388 0.6395 0.7526
863 0.7329 0.9359 0.6345 0.7128
864 0.7290 0.8746 0.5581 0.7382
865 0.7108 0.8040 0.5769 0.7101
866 0.7998 0.8924 0.6731 0.6988
867 0.8128 0.8422 0.6643 0.6453
868 0.7911 0.7823 0.6616 0.6103
869 0.7520 0.7440 0.6967 0.5635
870 0.6192 0.6350 0.6856 0.5151
871 0.5113 0.6219 0.6539 0.4967
872 0.5727 0.6819 0.6932 0.4541
873 0.4875 0.6934 0.7313 0.4692
874 0.4251 0.5531 0.6747 0.3781
875 0.3858 0.4571 0.6326 0.3301
876 0.3968 0.4512 0.5878 0.3932
877 0.3468 0.3895 0.5456 0.3529
878 0.3357 0.3509 0.5332 0.3539
879 0.3116 0.3121 0.5090 0.3382
880 0.3043 0.2839 0.5151 0.3554
881 0.3146 0.3398 0.5257 0.3627
882 0.3437 0.3517 0.5212 0.4811
883 0.3540 0.3209 0.5569 0.4563
884 0.3585 0.3253 0.5967 0.4268
885 0.3438 0.3061 0.5751 0.3703
886 0.3711 0.3328 0.6065 0.3743
887 0.3735 0.3422 0.6121 0.3778
888 0.3942 0.3950 0.6414 0.3965
889 0.4219 0.4644 0.6675 0.4153
890 0.4441 0.5065 0.7051 0.4329
891 0.4917 0.5968 0.7646 0.4646
892 0.5030 0.6463 0.7821 0.4827
893 0.5632 0.7356 0.8461 0.5125
894 0.5784 0.7537 0.8551 0.5187
895 0.5299 0.7101 0.8369 0.5041
896 0.5643 0.7696 0.8444 0.5335
897 0.5214 0.7297 0.7866 0.5193
898 0.4602 0.6406 0.7365 0.5071
899 0.4621 0.6241 0.7372 0.5006
900 0.4187 0.5394 0.6894 0.4606
901 0.4170 0.5183 0.6902 0.4552
902 0.3854 0.4393 0.6470 0.4272
903 0.3815 0.4118 0.6425 0.4171
904 0.3749 0.3744 0.6242 0.4002
905 0.3729 0.3564 0.6198 0.3946
906 0.4054 0.3970 0.6539 0.4153
907 0.4098 0.3954 0.6487 0.4049
908 0.4416 0.4321 0.6767 0.4061
909 0.4512 0.4450 0.6663 0.3957
910 0.4823 0.5009 0.7192 0.4379
911 0.5259 0.5661 0.7664 0.4587
912 0.5430 0.6015 0.7807 0.4817
913 0.4882 0.5292 0.7113 0.4436
914 0.4776 0.5176 0.7094 0.4100
915 0.5173 0.5873 0.7634 0.4302
916 0.4974 0.5805 0.7444 0.4427
917 0.4985 0.5783 0.7409 0.4272
918 0.5462 0.6380 0.7944 0.4348
919 0.5450 0.6245 0.7742 0.4333
920 0.4797 0.5452 0.7023 0.3848
921 0.4366 0.4867 0.6574 0.3330
922 0.3958 0.4345 0.5994 0.3375
923 0.3477 0.3624 0.5578 0.2907
924 0.3268 0.3206 0.5323 0.2988
925 0.2936 0.2900 0.4997 0.2953
926 0.2897 0.2570 0.4954 0.2931
927 0.2922 0.2797 0.5002 0.2884
928 0.3125 0.3226 0.5235 0.3171
929 0.3419 0.4034 0.5408 0.3234
930 0.3840 0.4791 0.6002 0.3467
931 0.4416 0.5706 0.6558 0.3693
932 0.4937 0.6586 0.7278 0.4194
933 0.5487 0.7254 0.7951 0.4454
934 0.5966 0.8179 0.8523 0.4999
935 0.6246 0.8697 0.8650 0.5485
936 0.6855 0.9621 0.9113 0.6095
937 0.7381 1.0325 0.9394 0.6470
938 0.8204 1.1203 1.0240 0.6997
939 0.7955 1.0983 0.9844 0.6504
940 0.7048 0.9966 1.0693 0.5611
941 0.7065 1.0246 1.0186 0.5706
942 0.6292 0.9254 0.9009 0.4951
943 0.5740 0.8252 0.7560 0.4372
944 0.5323 0.7510 0.7527 0.3954
945 0.4688 0.6566 0.6868 0.3744
946 0.4244 0.5762 0.6128 0.3441
947 0.3771 0.4934 0.5626 0.3238
948 0.3313 0.4085 0.5150 0.3042
949 0.2986 0.3379 0.4909 0.2885
950 0.2795 0.2879 0.4682 0.2651
951 0.2815 0.2549 0.4841 0.2685
952 0.2967 0.2733 0.4989 0.2603
953 0.3305 0.2968 0.5330 0.2682
954 0.3633 0.3540 0.5554 0.2639
955 0.4159 0.4178 0.6123 0.3058
956 0.4774 0.4930 0.6669 0.3055
957 0.5270 0.5644 0.7345 0.3296
958 0.5883 0.6352 0.8050 0.3404
959 0.6633 0.6977 0.8653 0.3604
960 0.7587 0.7402 0.9371 0.4079
961 0.8008 0.8116 0.9776 0.4341
962 0.8911 0.8520 1.0360 0.4608
963 0.9184 0.8641 1.0561 0.4708
964 0.8643 0.9160 1.0302 0.5041
965 0.6589 0.9259 0.9080 0.4648
966 0.6774 0.9753 0.9431 0.5094
967 0.6122 0.9867 0.8962 0.4879
968 0.6164 0.9724 0.8864 0.4759
969 0.6827 0.9985 0.9586 0.5301
970 0.6518 1.0275 0.9510 0.5430
971 0.6059 1.0258 0.9049 0.5163
972 0.6757 1.0364 0.9625 0.5659
973 0.6986 1.0674 1.0060 0.6073
974 0.6274 1.0751 0.9572 0.5843
975 0.6393 1.0794 0.9551 0.5880
976 0.7164 1.1065 1.0294 0.6509
977 0.6861 1.1242 1.0320 0.6665
978 0.6274 1.1229 0.9823 0.6372
979 0.6948 1.1403 1.0266 0.6758
980 0.7361 1.1654 1.0846 0.7275
981 0.6731 1.1760 1.0545 0.7219
982 0.6733 1.1829 1.0412 0.7181
983 0.7556 1.2016 1.1080 0.7644
984 0.7680 1.2294 1.1494 0.8115
985 0.7181 1.2428 1.1252 0.8153
986 0.7612 1.2460 1.1354 0.8140
987 0.8412 1.2720 1.2065 0.8601
988 0.8104 1.2906 1.2156 0.8980
989 0.7853 1.2995 1.1983 0.8976
990 0.8758 1.3155 1.2442 0.9225
991 0.9022 1.3304 1.2926 0.9656
992 0.8437 1.3568 1.2800 0.9862
993 0.8736 1.3595 1.2848 0.9946
994 0.9695 1.3809 1.3580 1.0456
995 0.9533 1.3963 1.4000 1.0797
996 0.8979 1.2635 1.3818 1.1221
997 0.9725 1.1728 1.4315 1.1797
998 1.0581 1.0956 1.2937 1.2586
999 1.0979 1.1880 1.3854 1.4160
1000 1.1312 1.3038 1.4918 1.6014
1001 1.1628 1.4669 1.5431 1.7275
1002 1.2337 1.6541 1.6531 1.7974
1003 1.3324 1.8334 1.5833 1.8405
1004 1.4258 2.0371 1.7754 2.0108
1005 1.4706 2.2566 1.8062 2.1818
1006 1.5408 2.4633 1.9580 2.3237
1007 1.6424 2.5739 2.0815 2.4849
1008 1.7411 2.7376 2.2618 2.6422
1009 0.9821 0.8729 0.8709 0.6223
1010 0.8188 0.7518 0.7766 0.5439
1011 0.6747 0.5866 0.7239 0.5291
1012 0.5950 0.5422 0.6659 0.4965
1013 0.5804 0.5348 0.6429 0.5083
1014 0.6339 0.5703 0.6792 0.5281
1015 0.6177 0.5652 0.6862 0.4970
1016 0.5610 0.5174 0.6219 0.4316
1017 0.5492 0.4996 0.6016 0.4699
1018 0.5949 0.5331 0.6239 0.5024
1019 0.5720 0.5187 0.5900 0.4842
1020 0.5377 0.4864 0.5557 0.4909
1021 0.5113 0.4651 0.5318 0.5040
1022 0.4610 0.4329 0.4915 0.4639
1023 0.4814 0.4463 0.5230 0.4433
1024 0.5105 0.4672 0.5563 0.4768
1025 0.4670 0.4355 0.5223 0.4632
1026 0.4431 0.4178 0.5076 0.4241
1027 0.4854 0.4572 0.5596 0.4338
1028 0.4870 0.4587 0.5742 0.4531
1029 0.4751 0.4445 0.5601 0.4728
1030 0.5300 0.4921 0.6094 0.5141
1031 0.5350 0.4948 0.5981 0.5156
1032 0.5447 0.5003 0.5880 0.5457
1033 0.5627 0.5125 0.5851 0.5588
1034 0.6028 0.5560 0.6127 0.6083
1035 0.5919 0.5510 0.5861 0.6175
1036 0.6359 0.5870 0.6460 0.6849
1037 0.7329 0.5811 0.6914 0.6869
1038 0.7790 0.5862 0.7175 0.7047
1039 0.7743 0.5597 0.7308 0.6501
1040 0.8230 0.5583 0.7734 0.6409
1041 0.8182 0.5756 0.7708 0.6380
1042 0.7650 0.5819 0.7630 0.5890
1043 0.7335 0.5643 0.7453 0.5725
1044 0.6599 0.5621 0.6979 0.5548
1045 0.6334 0.5631 0.6463 0.5816
1046 0.5959 0.5358 0.6267 0.5469
1047 0.6195 0.5592 0.6596 0.5692
1048 0.6137 0.5605 0.6662 0.5833
1049 0.6086 0.5669 0.6526 0.6052
1050 0.6657 0.6109 0.7025 0.6496
1051 0.6862 0.6272 0.7231 0.6461
1052 0.6666 0.6107 0.6863 0.6430
1053 0.6895 0.6387 0.7041 0.6859
1054 0.7474 0.6822 0.7612 0.7056
1055 0.7497 0.6794 0.7569 0.6886
1056 0.7416 0.6856 0.7303 0.7198
1057 0.6801 0.6319 0.6781 0.6880
1058 0.6711 0.6292 0.6593 0.7071
1059 0.6236 0.5925 0.6285 0.6945
1060 0.5781 0.5531 0.5838 0.6906
1061 0.5918 0.5491 0.5883 0.6579
1062 0.5730 0.5225 0.5826 0.6164
1063 0.5169 0.4703 0.5349 0.5615
1064 0.4952 0.4535 0.5376 0.5376
1065 0.4450 0.4124 0.4952 0.5070
1066 0.4486 0.4194 0.5177 0.5021
1067 0.4143 0.3849 0.4904 0.4804
1068 0.4054 0.3844 0.4866 0.4838
1069 0.3741 0.3581 0.4766 0.4246
1070 0.3540 0.3352 0.4645 0.4206
1071 0.3372 0.3145 0.4732 0.3928
1072 0.2610 0.2580 0.4262 0.3616
1073 0.2578 0.2646 0.4726 0.3426
1074 0.3093 0.3329 0.5541 0.3624
1075 0.3354 0.3446 0.6050 0.3668
1076 0.3727 0.4078 0.6796 0.3916
1077 0.3941 0.4278 0.6991 0.3790
1078 0.4150 0.4456 0.7408 0.3567
1079 0.4709 0.5016 0.8161 0.3745
1080 0.4786 0.5028 0.8327 0.3712
1081 0.4574 0.4735 0.8034 0.3255
1082 0.4690 0.4758 0.8258 0.3705
1083 0.4889 0.4350 0.8459 0.3473
1084 0.4734 0.4892 0.8091 0.3492
1085 0.4416 0.4694 0.7712 0.3161
1086 0.3908 0.3733 0.7080 0.3254
1087 0.3436 0.3491 0.6426 0.2980
1088 0.3675 0.3940 0.6861 0.3043
1089 0.3504 0.4061 0.6521 0.3440
1090 0.3803 0.4081 0.6600 0.3391
1091 0.3507 0.3661 0.6040 0.3279
1092 0.3389 0.3667 0.5882 0.3485
1093 0.3111 0.3327 0.5345 0.3501
1094 0.2650 0.2834 0.4911 0.3024
1095 0.2381 0.2483 0.4298 0.3165
1096 0.2638 0.2669 0.4218 0.3429
1097 0.2687 0.2618 0.3815 0.3634
1098 0.3053 0.2990 0.4016 0.3858
1099 0.3349 0.3188 0.4057 0.4214
1100 0.3495 0.3289 0.4319 0.4156
1101 0.3817 0.3572 0.4575 0.4259
1102 0.3822 0.3725 0.4689 0.4094
1103 0.3972 0.3888 0.5136 0.4064
1104 0.4086 0.3974 0.5325 0.4245
1105 0.3985 0.3870 0.5358 0.4137
1106 0.3946 0.3883 0.5237 0.4178
1107 0.4020 0.4029 0.5578 0.4193
1108 0.3750 0.3836 0.5398 0.4070
1109 0.3876 0.4023 0.5849 0.4049
1110 0.3699 0.3863 0.5857 0.3840
1111 0.4049 0.4209 0.6472 0.3781
1112 0.4103 0.4241 0.6672 0.3580
1113 0.4406 0.4581 0.7269 0.3591
1114 0.4604 0.4719 0.7567 0.3483
1115 0.4621 0.4838 0.7770 0.3465
1116 0.5128 0.5405 0.8609 0.3678
1117 0.5208 0.5474 0.8790 0.3517
1118 0.4710 0.4912 0.8043 0.3034
1119 0.4751 0.4881 0.8038 0.2673
1120 0.5010 0.5023 0.8179 0.2713
1121 0.5040 0.4968 0.8047 0.2485
1122 0.5532 0.5426 0.8502 0.2904
1123 0.5580 0.5432 0.8408 0.2902
1124 0.6094 0.5889 0.8948 0.3419
1125 0.6172 0.5819 0.8890 0.3600
1126 0.6818 0.6356 0.9677 0.4227
1127 0.7378 0.6473 0.9938 0.4559
1128 0.7733 0.6861 1.0312 0.4993
1129 0.8302 0.7084 1.0405 0.5233
1130 0.8901 0.7694 1.1287 0.6082
1131 0.9615 0.7829 1.2108 0.6504
1132 0.9043 0.7553 1.1715 0.6064
1133 0.8866 0.8052 1.2230 0.6708
1134 0.9208 0.8261 1.2761 0.7206
1135 0.8935 0.7713 1.2273 0.6427
1136 0.8705 0.7626 1.1920 0.5748
1137 0.8761 0.8211 1.2192 0.5579
1138 0.8409 0.8037 1.1984 0.5511
1139 0.7776 0.7472 1.1589 0.4917
1140 0.7814 0.7861 1.1750 0.4485
1141 0.7632 0.8257 1.1808 0.4513
1142 0.7225 0.7764 1.1346 0.4498
1143 0.7215 0.7310 1.0822 0.4206
1144 0.7617 0.7470 1.1242 0.4327
1145 0.7533 0.7564 1.1370 0.4469
1146 0.6900 0.7181 1.0626 0.4216
1147 0.6310 0.6854 1.0311 0.3901
1148 0.6809 0.7169 1.0866 0.4233
1149 0.6938 0.7101 1.0706 0.4409
1150 0.6130 0.6480 0.9879 0.4000
1151 0.5971 0.6544 0.9818 0.4023
1152 0.5979 0.6779 0.9928 0.4497
1153 0.5844 0.6193 0.9513 0.3979
1154 0.5441 0.5743 0.9181 0.3466
1155 0.5341 0.5662 0.9347 0.3430
1156 0.5258 0.5463 0.8931 0.2843
1157 0.5539 0.5617 0.9008 0.2854
1158 0.5489 0.5528 0.8850 0.2664
1159 0.5912 0.5861 0.9188 0.2942
1160 0.5932 0.5860 0.9035 0.2972
1161 0.6146 0.5968 0.9091 0.3270
1162 0.6128 0.5970 0.8863 0.3493
1163 0.6485 0.6193 0.9181 0.3944
1164 0.6360 0.6079 0.8812 0.4026
1165 0.6673 0.6268 0.8986 0.4476
1166 0.6378 0.5868 0.8367 0.4382
1167 0.6152 0.5704 0.7946 0.4431
1168 0.6741 0.6285 0.8469 0.4924
1169 0.6812 0.6285 0.8144 0.4997
1170 0.7327 0.6637 0.8581 0.5779
1171 0.7467 0.6699 0.8860 0.6192
1172 0.7284 0.6626 0.8879 0.5738
1173 0.7541 0.7067 0.9470 0.5891
1174 0.8301 0.7728 1.0141 0.6453
1175 0.8378 0.7877 1.0030 0.6763
1176 0.9031 0.8441 1.0611 0.7255
1177 0.9389 0.8881 1.1246 0.7525
1178 0.9294 0.8696 1.1134 0.7394
1179 0.9453 0.8853 1.1780 0.7374
1180 0.9064 0.8394 1.1258 0.7033
1181 0.8675 0.7946 1.0532 0.6674
1182 0.8968 0.8184 1.1040 0.6449
1183 0.9150 0.8353 1.1519 0.6464
1184 0.8841 0.8044 1.1119 0.6436
1185 0.9484 0.8598 1.2177 0.6712
1186 0.9923 0.8986 1.2585 0.7225
1187 1.0348 0.9240 1.3113 0.7611
1188 1.0577 0.9464 1.3624 0.7398
1189 1.1335 1.0150 1.4567 0.7550
1190 1.0546 0.9658 1.3955 0.6955
1191 1.0012 0.9131 1.3010 0.6632
1192 0.9191 0.8357 1.1938 0.6022
1193 0.8569 0.7784 1.0959 0.5566
1194 0.7931 0.7379 1.0004 0.5394
1195 0.7170 0.6792 0.9200 0.4934
1196 0.6646 0.6251 0.8900 0.4506
1197 0.6023 0.5846 0.8195 0.3943
1198 0.5933 0.5628 0.8240 0.3684
1199 0.6104 0.5912 0.8629 0.3667
1200 0.5852 0.5682 0.8518 0.3241
1201 0.6322 0.6251 0.9278 0.3589
1202 0.6173 0.6042 0.9304 0.3128
1203 0.5603 0.5564 0.8600 0.2674
1204 0.5432 0.5410 0.8555 0.2517
1205 0.5728 0.5745 0.9162 0.2675
1206 0.5860 0.5908 0.9557 0.2785
1207 0.6486 0.6464 1.0306 0.3146
1208 0.7074 0.6843 1.0748 0.3589
1209 0.7586 0.7293 1.1404 0.3796
1210 0.7203 0.6955 1.0872 0.3500
1211 0.7100 0.6815 1.0598 0.3582
1212 0.7804 0.7391 1.1457 0.4192
1213 0.7971 0.7547 1.1642 0.4230
1214 0.7584 0.7180 1.0936 0.4048
1215 0.7855 0.7259 1.1052 0.4385
1216 0.8579 0.7789 1.1883 0.4925
1217 0.8474 0.7697 1.1656 0.4899
1218 0.8314 0.7406 1.1119 0.4967
1219 0.8815 0.7658 1.1534 0.5759
1220 0.8663 0.7555 1.1124 0.5695
1221 0.8251 0.7392 1.0324 0.5550
1222 0.8316 0.7495 1.0532 0.5835
1223 0.7860 0.7072 0.9830 0.5800
1224 0.7868 0.6898 0.9770 0.6095
1225 0.7351 0.6723 0.9523 0.5551
1226 0.7562 0.6941 0.9644 0.5669
1227 0.7038 0.6278 0.8844 0.5140
1228 0.6932 0.6134 0.8542 0.4781
1229 0.6058 0.5491 0.7816 0.4273
1230 0.5789 0.5378 0.7885 0.3798
1231 0.5082 0.4697 0.6962 0.3200
1232 0.5040 0.4701 0.6898 0.3101
1233 0.5355 0.4998 0.7545 0.3153
1234 0.4973 0.4641 0.7150 0.2811
1235 0.4420 0.4142 0.6370 0.2355
1236 0.4655 0.4415 0.6740 0.2428
1237 0.4807 0.4601 0.7130 0.2403
1238 0.4226 0.4035 0.6401 0.2005
1239 0.3855 0.3679 0.5976 0.1741
1240 0.4262 0.4072 0.6517 0.1980
1241 0.3970 0.3845 0.6444 0.1711
1242 0.4314 0.4124 0.7005 0.1902
1243 0.4977 0.4753 0.7359 0.2373
1244 0.5024 0.4882 0.7471 0.2322
1245 0.4838 0.4654 0.7537 0.2002
1246 0.4383 0.4285 0.7058 0.1841
1247 0.4128 0.4102 0.6957 0.1828
1248 0.3569 0.3660 0.6499 0.1894
1249 0.3710 0.3810 0.6633 0.2173
1250 0.4246 0.4289 0.7159 0.2297
1251 0.4488 0.4479 0.7382 0.2518
1252 0.4576 0.4538 0.7418 0.2390
1253 0.5067 0.4965 0.7918 0.2836
1254 0.5238 0.5029 0.7940 0.2921
1255 0.5870 0.5622 0.8609 0.3461
1256 0.6071 0.5728 0.8619 0.3695
1257 0.6671 0.6329 0.9286 0.4260
1258 0.7072 0.6569 0.9262 0.4646
1259 0.7525 0.6885 0.9671 0.5258
1260 0.7222 0.6414 0.9076 0.5200
1261 0.6648 0.5784 0.8414 0.4907
1262 0.6085 0.5448 0.7862 0.4284
1263 0.5706 0.5077 0.7259 0.4013
1264 0.5021 0.4448 0.6446 0.3429
1265 0.4408 0.3897 0.5685 0.2991
1266 0.4536 0.3934 0.5487 0.3308
1267 0.5225 0.4617 0.6346 0.3973
1268 0.5228 0.4653 0.6294 0.3980
1269 0.5262 0.4378 0.5896 0.3975
1270 0.6135 0.4794 0.6525 0.4461
1271 0.6148 0.5088 0.6959 0.4619
1272 0.5610 0.4786 0.6358 0.4511
1273 0.4970 0.4484 0.6058 0.3975
1274 0.4213 0.3925 0.5182 0.3546
1275 0.4021 0.3701 0.5039 0.3082
1276 0.3729 0.3380 0.4799 0.2531
1277 0.3878 0.3578 0.5161 0.2360
1278 0.3360 0.3296 0.4782 0.2044
1279 0.3493 0.3311 0.5185 0.1844
1280 0.3652 0.3472 0.5462 0.1945
1281 0.4187 0.3996 0.6189 0.2206
1282 0.4676 0.4472 0.6693 0.2854
1283 0.4863 0.4869 0.7475 0.3406
1284 0.5710 0.5508 0.8016 0.3478
1285 0.6072 0.5904 0.8737 0.3789
1286 0.6650 0.6322 0.9065 0.3812
1287 0.5905 0.5801 0.8617 0.3583
1288 0.6070 0.5798 0.8412 0.3655
1289 0.5529 0.5274 0.7633 0.3356
1290 0.5541 0.5305 0.7486 0.3630
1291 0.5155 0.4845 0.6811 0.3486
1292 0.5475 0.5117 0.7208 0.3736
1293 0.5698 0.5284 0.7202 0.4188
1294 0.5150 0.4723 0.6512 0.3882
1295 0.4649 0.4243 0.5970 0.3306
1296 0.4589 0.4158 0.5860 0.3186
1297 0.4656 0.4250 0.6153 0.3067
1298 0.4113 0.3791 0.5634 0.2458
1299 0.3919 0.3513 0.5290 0.2395
1300 0.4038 0.3681 0.5513 0.2491
1301 0.3510 0.3093 0.4786 0.2077
1302 0.3351 0.3038 0.4699 0.1768
1303 0.3719 0.3656 0.5300 0.1926
1304 0.3560 0.3488 0.5075 0.1991
1305 0.3031 0.2886 0.4417 0.1583
1306 0.3259 0.3136 0.4908 0.1556
1307 0.3700 0.3535 0.5742 0.1985
1308 0.3298 0.3147 0.5235 0.1953
1309 0.2827 0.2744 0.4603 0.1528
1310 0.3308 0.3173 0.5448 0.1535
1311 0.3550 0.3430 0.5980 0.1894
1312 0.4111 0.3965 0.6592 0.2186
1313 0.4590 0.4439 0.7194 0.2735
1314 0.4995 0.4798 0.7541 0.3031
1315 0.5676 0.5415 0.8312 0.3549
1316 0.6068 0.5717 0.8496 0.3909
1317 0.6709 0.6386 0.9365 0.4379
1318 0.7112 0.6617 0.9474 0.4849
1319 0.7689 0.7153 1.0198 0.5487
1320 0.7908 0.7325 1.0337 0.5914
1321 0.7909 0.7219 0.9847 0.6081
1322 0.7282 0.6571 0.9171 0.5386
1323 0.7041 0.6459 0.9070 0.5172
1324 0.6886 0.6209 0.8728 0.5224
1325 0.6429 0.5671 0.8152 0.4769
1326 0.6131 0.5539 0.8112 0.4363
1327 0.6192 0.5662 0.8241 0.4537
1328 0.5833 0.5189 0.7607 0.4325
1329 0.5337 0.4730 0.7195 0.3717
1330 0.5387 0.4924 0.7421 0.3706
1331 0.5232 0.4864 0.7233 0.3805
1332 0.4525 0.4192 0.6601 0.3175
1333 0.4378 0.4055 0.6400 0.2789
1334 0.4278 0.4065 0.6376 0.2830
1335 0.4483 0.4350 0.6922 0.2984
1336 0.5009 0.4788 0.7405 0.3289
1337 0.5679 0.5439 0.8200 0.3857
1338 0.6300 0.5935 0.8745 0.4293
1339 0.6866 0.6485 0.9552 0.4724
1340 0.7433 0.7044 1.0166 0.5284
1341 0.7529 0.7287 1.0486 0.5298
1342 0.7683 0.7913 1.1108 0.5738
1343 0.7697 0.8175 1.1240 0.6015
1344 0.7956 0.8497 1.1774 0.6054
1345 0.7653 0.7939 1.1214 0.5507
1346 0.8119 0.8328 1.1947 0.5702
1347 0.7859 0.7880 1.1460 0.5440
1348 0.7398 0.7343 1.0803 0.4938
1349 0.7307 0.7343 1.0895 0.4850
1350 0.7412 0.7359 1.0948 0.5056
1351 0.7046 0.6975 1.0339 0.4669
1352 0.6515 0.6456 0.9770 0.4165
1353 0.6576 0.6472 0.9942 0.4382
1354 0.6722 0.6596 0.9965 0.4584
1355 0.6195 0.6092 0.9244 0.4013
1356 0.5830 0.5705 0.8863 0.3678
1357 0.6104 0.5980 0.9151 0.4177
1358 0.5923 0.5811 0.8885 0.4070
1359 0.5283 0.5211 0.8129 0.3410
1360 0.5332 0.5252 0.8170 0.3648
1361 0.5608 0.5583 0.8467 0.4055
1362 0.5045 0.5115 0.7750 0.3788
1363 0.4516 0.4534 0.7096 0.3512
1364 0.4074 0.4131 0.6571 0.3337
1365 0.3518 0.3593 0.5726 0.3056
1366 0.3034 0.3097 0.4833 0.2569
1367 0.2594 0.2572 0.4116 0.2389
1368 0.2155 0.2056 0.3610 0.2106
1369 0.1845 0.1941 0.2978 0.2091
1370 0.2030 0.1996 0.3056 0.2307
1371 0.1977 0.1929 0.2689 0.2421
1372 0.2169 0.2122 0.2734 0.2465
1373 0.2570 0.2593 0.3172 0.2927
1374 0.2761 0.2664 0.3590 0.3049
1375 0.3066 0.2928 0.4220 0.3152
1376 0.3353 0.3217 0.4734 0.3327
1377 0.3917 0.3825 0.5577 0.3666
1378 0.4095 0.4077 0.5924 0.3837
1379 0.4602 0.4642 0.6630 0.4173
1380 0.4717 0.4849 0.7071 0.4253
1381 0.5065 0.5389 0.7776 0.4624
1382 0.5295 0.5609 0.8238 0.4726
1383 0.5831 0.6329 0.9062 0.5185
1384 0.6144 0.6607 0.9361 0.5479
1385 0.5932 0.6403 0.8805 0.5305
1386 0.5868 0.6285 0.8929 0.5021
1387 0.5421 0.5783 0.8070 0.4645
1388 0.5369 0.5511 0.7976 0.4452
1389 0.5185 0.5188 0.7487 0.4344
1390 0.4866 0.4754 0.6936 0.4385
1391 0.4714 0.4676 0.6961 0.4180
1392 0.4198 0.4202 0.6413 0.3803
1393 0.4566 0.4569 0.6973 0.3832
1394 0.4986 0.5080 0.7657 0.4157
1395 0.5448 0.5517 0.8218 0.4332
1396 0.5964 0.6054 0.8928 0.4605
1397 0.5686 0.5750 0.8737 0.4289
1398 0.5948 0.5928 0.9171 0.4247
1399 0.5553 0.5509 0.8829 0.3971
1400 0.5333 0.5507 0.8530 0.3972
1401 0.5401 0.5498 0.8467 0.4223
1402 0.4925 0.5091 0.7801 0.4082
1403 0.4764 0.5041 0.7452 0.4115
1404 0.4475 0.4689 0.6990 0.4135
1405 0.4279 0.4394 0.6362 0.3971
1406 0.4249 0.4357 0.6094 0.4090
1407 0.3851 0.3838 0.5551 0.3777
1408 0.3885 0.3861 0.5441 0.3929
1409 0.3438 0.3369 0.4729 0.3652
1410 0.3559 0.3469 0.4658 0.3679
1411 0.3271 0.3201 0.4020 0.3533
1412 0.3403 0.3381 0.4129 0.3510
1413 0.3551 0.3496 0.4133 0.3619
1414 0.3297 0.3224 0.3774 0.3617
1415 0.2858 0.2798 0.3378 0.3217
1416 0.2864 0.2824 0.3382 0.3271
1417 0.2557 0.2449 0.2973 0.3207
1418 0.2630 0.2626 0.3407 0.3634
1419 0.2286 0.2136 0.2754 0.3360
1420 0.1962 0.1875 0.2679 0.2886
1421 0.1863 0.1788 0.2974 0.2740
1422 0.1972 0.1881 0.3342 0.2523
1423 0.2229 0.2164 0.3987 0.2452
1424 0.2646 0.2661 0.4563 0.2653
1425 0.2897 0.2893 0.5032 0.2582
1426 0.3447 0.3524 0.5755 0.2787
1427 0.3594 0.3660 0.6060 0.2571
1428 0.3835 0.3810 0.6288 0.2426
1429 0.3648 0.3660 0.6035 0.2448
1430 0.3195 0.3139 0.5605 0.2201
1431 0.3191 0.3170 0.5442 0.2501
1432 0.2835 0.2815 0.4995 0.2577
1433 0.2694 0.2718 0.4710 0.2844
1434 0.2227 0.2252 0.3985 0.2750
1435 0.2346 0.2316 0.3761 0.3046
1436 0.2147 0.2135 0.3304 0.3193
1437 0.2538 0.2369 0.3364 0.3441
1438 0.2776 0.2536 0.3368 0.3704
1439 0.3092 0.2904 0.3680 0.3889
1440 0.3528 0.3302 0.4129 0.4411
1441 0.3825 0.3584 0.4423 0.4285
1442 0.4140 0.3878 0.4440 0.4648
1443 0.4571 0.4095 0.4565 0.4957
1444 0.4638 0.4131 0.4495 0.5218
1445 0.5094 0.4595 0.4939 0.5593
1446 0.4835 0.4360 0.4768 0.5231
1447 0.4820 0.4318 0.4648 0.5424
1448 0.5294 0.4739 0.4967 0.5903
1449 0.5414 0.4970 0.5218 0.5798
1450 0.5914 0.5472 0.5645 0.6245
1451 0.5809 0.5563 0.5844 0.6144
1452 0.6318 0.6150 0.6376 0.6662
1453 0.6645 0.6334 0.6438 0.6913
1454 0.7277 0.7068 0.7059 0.7613
1455 0.7183 0.6896 0.6961 0.7359
1456 0.6793 0.6549 0.6867 0.6711
1457 0.7271 0.7105 0.7547 0.7026
1458 0.7606 0.7365 0.7677 0.7255
1459 0.6877 0.7021 0.7248 0.7339
1460 0.6526 0.6251 0.6882 0.6519
1461 0.5971 0.5764 0.6326 0.5825
1462 0.5670 0.5430 0.5879 0.5742
1463 0.5961 0.5557 0.5887 0.5995
1464 0.5544 0.5064 0.5446 0.5618
1465 0.5618 0.5075 0.5481 0.5737
1466 0.6208 0.5650 0.6005 0.6128
1467 0.6064 0.5656 0.6191 0.5840
1468 0.5948 0.5621 0.6221 0.5682
1469 0.5326 0.5263 0.5944 0.5099
1470 0.5437 0.5697 0.6592 0.5341
1471 0.5273 0.5852 0.6863 0.5341
1472 0.4943 0.6110 0.7345 0.5214
1473 0.5317 0.6668 0.8093 0.5597
1474 0.5723 0.6649 0.7733 0.5760
1475 0.5726 0.6549 0.7638 0.5668
1476 0.6203 0.6725 0.7581 0.6007
1477 0.6495 0.6454 0.7136 0.6144
1478 0.6815 0.6518 0.7105 0.6477
1479 0.6473 0.6595 0.7377 0.6212
1480 0.7124 0.7338 0.8132 0.6743
1481 0.6729 0.7669 0.8458 0.6319
1482 0.6445 0.7752 0.8408 0.6115
1483 0.7154 0.8698 0.8947 0.5951
1484 0.6204 0.7903 0.9522 0.5720
1485 0.6701 0.8243 0.9817 0.6303
1486 0.6894 0.8409 0.9103 0.7086
1487 0.6783 0.8704 0.9776 0.7166
1488 0.6729 0.9124 1.0223 0.7472
1489 0.6887 0.8592 1.0081 0.7173
1490 0.7766 0.8835 0.9942 0.7175
1491 0.7959 0.8202 0.9297 0.7054
1492 0.7450 0.8454 0.8389 0.6408
1493 0.6645 0.7498 0.8302 0.6256
1494 0.6245 0.7122 0.8101 0.5685
1495 0.6379 0.7102 0.8255 0.5780
1496 0.6558 0.7170 0.8236 0.6104
1497 0.7046 0.7990 0.8807 0.6078
1498 0.7450 0.8561 0.9419 0.6613
1499 0.7192 0.8049 0.8897 0.6283
1500 0.6765 0.7317 0.8233 0.5740
1501 0.6593 0.6811 0.7940 0.5406
1502 0.6340 0.6870 0.7838 0.5270
1503 0.5852 0.6430 0.7319 0.4856
1504 0.5783 0.6232 0.7093 0.4614
1505 0.5634 0.6090 0.7014 0.4299
1506 0.5152 0.5813 0.6447 0.4072
1507 0.5365 0.6064 0.6795 0.4404
1508 0.5632 0.6445 0.7283 0.4757
1509 0.6016 0.6852 0.7828 0.5299
1510 0.6095 0.7032 0.8146 0.5605
1511 0.6499 0.7572 0.8832 0.6082
1512 0.6609 0.7619 0.8802 0.6068
1513 0.6280 0.7079 0.7917 0.5690
1514 0.5757 0.6554 0.7338 0.5064
1515 0.5398 0.6231 0.6895 0.4755
1516 0.5060 0.5869 0.6347 0.4300
1517 0.4794 0.5582 0.6044 0.3884
1518 0.4438 0.5236 0.5590 0.3753
1519 0.4220 0.4828 0.5117 0.3522
1520 0.3968 0.4594 0.4898 0.3465
1521 0.3824 0.4451 0.5119 0.3285
1522 0.4245 0.4581 0.5348 0.3602
1523 0.4290 0.4929 0.5670 0.3720
1524 0.4536 0.5241 0.5699 0.3854
1525 0.4779 0.5331 0.5793 0.4188
1526 0.5211 0.5753 0.6419 0.4649
1527 0.5663 0.6258 0.7068 0.5098
1528 0.5808 0.6372 0.7161 0.5022
1529 0.5327 0.5955 0.6555 0.4496
1530 0.5350 0.5908 0.6559 0.4491
1531 0.4837 0.5414 0.5981 0.4167
1532 0.4561 0.5055 0.5745 0.3974
1533 0.4186 0.4615 0.5407 0.3720
1534 0.3911 0.4414 0.5376 0.3544
1535 0.4282 0.4747 0.5560 0.3624
1536 0.4279 0.4496 0.5536 0.3579
1537 0.4440 0.4357 0.5486 0.3556
1538 0.4293 0.3863 0.5166 0.3197
1539 0.4404 0.4117 0.5159 0.3264
1540 0.4256 0.3878 0.5246 0.3614
1541 0.4208 0.3890 0.5276 0.3605
1542 0.3407 0.3473 0.5132 0.3230
1543 0.3892 0.3895 0.5179 0.3189
1544 0.3877 0.3789 0.5360 0.3257
1545 0.3751 0.3557 0.5431 0.3234
1546 0.3400 0.3222 0.5458 0.3211
1547 0.3360 0.3102 0.5625 0.3515
1548 0.3664 0.3659 0.5377 0.3438
1549 0.3671 0.3710 0.5329 0.3445
1550 0.3907 0.4076 0.5337 0.3431
1551 0.4109 0.4302 0.5403 0.3722
1552 0.4420 0.4834 0.5562 0.3854
1553 0.4530 0.4725 0.5509 0.3807
1554 0.4400 0.4593 0.5522 0.3814
1555 0.4081 0.4203 0.5366 0.3544
1556 0.3921 0.4032 0.5308 0.3566
1557 0.3748 0.3806 0.5396 0.3437
1558 0.3613 0.3579 0.5319 0.3393
1559 0.3668 0.3842 0.5703 0.3491
1560 0.3790 0.3837 0.5668 0.3564
1561 0.3820 0.3829 0.5563 0.3487
1562 0.4035 0.4219 0.5391 0.3664
1563 0.4349 0.4521 0.5436 0.3838
1564 0.4575 0.4577 0.5445 0.3887
1565 0.4179 0.4126 0.5584 0.3361
1566 0.4026 0.3925 0.5502 0.3446
1567 0.4140 0.3945 0.5700 0.3456
1568 0.4087 0.4177 0.5636 0.3593
1569 0.4072 0.4136 0.5848 0.3559
1570 0.3615 0.3996 0.5644 0.3703
1571 0.3965 0.4184 0.6174 0.3741
1572 0.3886 0.3933 0.6245 0.3914
1573 0.4748 0.4310 0.6961 0.3770
1574 0.4711 0.4625 0.6836 0.3809
1575 0.4410 0.4074 0.6512 0.4155
1576 0.5012 0.3930 0.6959 0.4201
1577 0.5580 0.4159 0.7581 0.4383
1578 0.6158 0.4796 0.8520 0.4590
1579 0.6097 0.4291 0.8552 0.4600
1580 0.5595 0.4295 0.7595 0.4442
1581 0.5206 0.3406 0.6788 0.4526
1582 0.4686 0.3327 0.6223 0.4399
1583 0.4584 0.3619 0.6302 0.4394
1584 0.5271 0.3577 0.6562 0.4690
1585 0.5256 0.3539 0.6385 0.4659
1586 0.5048 0.3963 0.6434 0.4717
1587 0.4268 0.3608 0.6008 0.4498
1588 0.3989 0.3586 0.5838 0.4355
1589 0.3823 0.3722 0.5897 0.4180
1590 0.3764 0.3845 0.5655 0.3983
1591 0.3812 0.4136 0.5804 0.3792
1592 0.3940 0.4188 0.6187 0.3851
1593 0.3916 0.4165 0.6093 0.3937
1594 0.3871 0.3853 0.5992 0.4175
1595 0.3752 0.3672 0.5643 0.4099
1596 0.3616 0.3453 0.5522 0.3954
1597 0.3706 0.3274 0.5243 0.3809
1598 0.3630 0.3196 0.5249 0.3717
1599 0.3405 0.3273 0.5159 0.3566
1600 0.3252 0.3299 0.5402 0.3671
1601 0.3391 0.3420 0.5648 0.3895
1602 0.3666 0.3986 0.6228 0.4262
1603 0.3954 0.4264 0.6681 0.4591
1604 0.4131 0.4354 0.6816 0.4828
1605 0.4039 0.3936 0.6406 0.4582
1606 0.3785 0.3660 0.6068 0.4278
1607 0.3879 0.3699 0.6316 0.4318
1608 0.3729 0.3761 0.6352 0.4225
1609 0.3411 0.3280 0.5830 0.3862
1610 0.3401 0.3272 0.5908 0.3794
1611 0.3078 0.2847 0.5365 0.3402
1612 0.3031 0.2561 0.5217 0.3263
1613 0.3072 0.2508 0.5221 0.2997
1614 0.3552 0.3013 0.5668 0.3342
1615 0.3991 0.3354 0.6049 0.3792
1616 0.4298 0.3633 0.6267 0.3446
1617 0.3554 0.3134 0.5937 0.2890
1618 0.3482 0.2916 0.5934 0.3276
1619 0.4319 0.3446 0.6373 0.3647
1620 0.4283 0.3922 0.6645 0.3095
1621 0.4173 0.4143 0.6940 0.3340
1622 0.4436 0.4298 0.7240 0.3501
1623 0.4720 0.4677 0.7666 0.3217
1624 0.4648 0.5060 0.7884 0.3006
1625 0.4634 0.5382 0.8238 0.3672
1626 0.4970 0.6610 0.8428 0.3767
1627 0.5257 0.7182 0.8627 0.3237
1628 0.5589 0.8096 0.8509 0.3124
1629 0.5413 0.8329 0.8169 0.3496
1630 0.5321 0.8195 0.8271 0.3505
1631 0.4643 0.7962 0.7520 0.4663
1632 0.5058 0.8369 0.7425 0.5470
1633 0.5117 0.8270 0.8282 0.5602
1634 0.4908 0.7454 0.9013 0.5796
1635 0.5075 0.7147 0.9408 0.6467
1636 0.4428 0.5474 0.9360 0.5747
1637 0.4838 0.4855 0.9316 0.5742
1638 0.4489 0.4524 0.8768 0.4561
1639 0.4285 0.4445 0.7618 0.4201
1640 0.4451 0.4053 0.7340 0.4459
1641 0.4654 0.3662 0.7435 0.4742
1642 0.4755 0.3102 0.6965 0.4702
1643 0.4616 0.3385 0.6391 0.4416
1644 0.4715 0.3794 0.6774 0.4852
1645 0.5049 0.4259 0.7121 0.4554
1646 0.5396 0.5140 0.8242 0.4440
1647 0.5516 0.5476 0.8674 0.3805
1648 0.6444 0.6717 0.9569 0.3773
1649 0.6957 0.7348 1.0157 0.3418
1650 0.7941 0.8109 1.0742 0.3854
1651 0.9021 0.9117 1.1734 0.3845
1652 0.8530 0.8638 1.0919 0.4679
1653 0.8624 0.8145 1.0705 0.5926
1654 0.8855 0.8560 1.0879 0.6896
1655 0.8529 0.8890 1.0789 0.7466
1656 0.7740 0.7808 1.0553 0.7134
1657 0.7523 0.8004 0.9801 0.7090
1658 0.7870 0.7853 0.9848 0.7428
1659 0.7380 0.7141 0.9589 0.7363
1660 0.6438 0.6363 0.8787 0.5957
1661 0.6324 0.5539 0.7697 0.5207
1662 0.5697 0.5662 0.7798 0.4103
1663 0.4708 0.4713 0.7140 0.3536
1664 0.5011 0.4908 0.7234 0.3230
1665 0.5344 0.4765 0.6974 0.2764
1666 0.5660 0.5304 0.7351 0.2743
1667 0.5919 0.5735 0.7864 0.2856
1668 0.6328 0.6285 0.8291 0.3402
1669 0.6958 0.7205 0.9151 0.3607
1670 0.6642 0.6528 0.8472 0.3464
1671 0.6696 0.6760 0.8750 0.3154
1672 0.6164 0.6167 0.8233 0.2938
1673 0.6034 0.5963 0.8319 0.2857
1674 0.5935 0.6019 0.8304 0.3171
1675 0.5621 0.5621 0.8174 0.3369
1676 0.5793 0.5594 0.8171 0.3933
1677 0.5389 0.5109 0.7596 0.4332
1678 0.5814 0.5495 0.7850 0.5788
1679 0.6972 0.6326 0.7798 0.7420
1680 0.8223 0.7583 0.8177 0.7771
1681 0.9644 0.8361 0.8671 0.7976
1682 0.9778 0.8147 0.8985 0.8174
1683 0.8368 0.8013 0.9029 0.7718
1684 0.7194 0.7132 0.8867 0.6197
1685 0.6506 0.5889 0.7878 0.6558
1686 0.6184 0.5881 0.8391 0.5129
1687 0.5725 0.5483 0.8157 0.4276
1688 0.6349 0.6281 0.8975 0.3809
1689 0.6244 0.6257 0.9023 0.3229
1690 0.7067 0.7200 0.9685 0.3147
1691 0.7683 0.7985 1.0646 0.3268
1692 0.7816 0.8223 1.0531 0.3285
1693 0.7163 0.7417 0.9602 0.3105
1694 0.7318 0.7706 0.9445 0.3413
1695 0.7477 0.7849 0.9429 0.3571
1696 0.7103 0.7917 0.8914 0.3414
1697 0.7445 0.9018 0.9372 0.3811
1698 0.6546 0.9116 0.9073 0.3544
1699 0.6619 0.9446 0.8179 0.4038
1700 0.7618 0.9819 0.8355 0.4624
1701 0.7129 0.9958 0.8767 0.4895
1702 0.8425 1.0383 0.9401 0.5693
1703 0.8922 1.0478 0.9987 0.5772
1704 0.7882 1.0153 0.9573 0.5338
1705 0.7663 1.0257 0.9387 0.5499
1706 0.8756 1.0676 1.0174 0.6070
1707 0.8695 1.0631 1.0414 0.6006
1708 0.7660 1.0399 0.9829 0.5714
1709 0.8012 1.0737 1.0049 0.6099
1710 0.8996 1.1069 1.0867 0.6626
1711 0.8488 1.0943 1.0763 0.6475
1712 0.7795 1.0953 1.0402 0.6431
1713 0.8782 1.1399 1.1103 0.7068
1714 0.9414 1.1504 1.1621 0.7337
1715 0.8686 1.1475 1.1393 0.7192
1716 0.8516 1.1721 1.1432 0.7419
1717 0.9629 1.1967 1.2121 0.8055
1718 1.0015 1.2089 1.2536 0.8349
1719 0.9245 1.2225 1.2328 0.8267
1720 0.9498 1.2453 1.2537 0.8588
1721 1.0707 1.2707 1.3327 0.9258
1722 1.0526 1.2807 1.3400 0.9356
1723 0.9700 1.2903 1.3075 0.9319
1724 1.0492 1.3145 1.3668 0.9769
1725 1.1437 1.3362 1.4417 1.0265
1726 1.0716 1.3396 1.4203 1.0193
1727 1.0210 1.3543 1.4161 1.0308
1728 1.1436 1.3834 1.5031 1.0867
1729 1.1917 1.4050 1.5451 1.1208
1730 1.0934 1.4109 1.4999 1.1032
1731 1.1195 1.4384 1.5522 1.1309
1732 1.2487 1.4768 1.6551 1.1846
1733 1.2228 1.4900 1.6380 1.1887
1734 1.1394 1.4997 1.6151 1.1845
1735 1.2386 1.5302 1.7157 1.2338
1736 1.3325 1.5616 1.7826 1.2750
1737 1.2601 1.5744 1.7569 1.2620
1738 1.2419 1.5963 1.7838 1.2738
1739 1.3811 1.6373 1.8874 1.3314
1740 1.4084 1.6644 1.9068 1.3495
1741 1.3178 1.6767 1.8864 1.3400
1742 1.3807 1.7172 1.9669 1.3833
1743 1.5112 1.7625 2.0507 1.4357
1744 1.4759 1.7807 2.0416 1.4436
1745 1.4195 1.8038 2.0531 1.4505
1746 1.5528 1.8611 2.1597 1.5067
1747 1.6311 1.8971 2.2063 1.5452
1748 1.5479 1.9065 2.1784 1.5443
1749 1.5661 1.9512 2.2393 1.5729
1750 1.7192 2.0125 2.3442 1.6337
1751 1.7391 2.0416 2.3529 1.6606
1752 1.6808 2.0660 2.3257 1.6677
1753 1.7059 2.0643 2.3669 1.7389
1754 1.6856 2.1068 2.2555 1.7615
1755 1.6971 2.0362 2.1777 1.7110
1756 1.7509 1.9768 2.2855 1.7832
1757 1.7279 2.0565 2.2950 1.8112
1758 1.8201 2.0540 2.3593 1.8680
1759 1.8721 2.0501 2.2840 1.9526
1760 1.9635 2.1154 2.2646 1.9503
1761 2.0101 2.0583 2.2827 1.9694
1762 2.0089 2.0235 2.2897 1.8925
1763 2.0058 1.9682 2.3075 1.8621
1764 2.0317 1.9671 2.3663 1.9224
1765 2.0352 2.0493 2.4372 1.9306
1766 2.0226 2.1382 2.5327 2.0274
1767 2.0749 2.2516 2.5664 2.0801
1768 2.1201 2.4067 2.7074 2.1908
1769 2.2026 2.5611 2.7585 2.1933
1770 2.3179 2.7304 2.8302 2.2885
