1 0.1508 0.2840 0.2668 0.2549
2 0.1622 0.2526 0.2638 0.2637
3 0.1886 0.2807 0.2370 0.2832
4 0.2437 0.2742 0.2885 0.3289
5 0.2562 0.3380 0.2822 0.3312
6 0.3159 0.3585 0.3655 0.4046
7 0.3491 0.3747 0.4175 0.4703
8 0.3441 0.4011 0.3834 0.4598
9 0.4112 0.4802 0.4163 0.5183
10 0.4461 0.5490 0.4311 0.5418
11 0.4984 0.6184 0.4733 0.5973
12 0.5453 0.6878 0.5198 0.6394
13 0.5966 0.7657 0.5783 0.6896
14 0.6494 0.8368 0.6522 0.7376
15 0.6275 0.8344 0.6407 0.6966
16 0.6217 0.8596 0.6297 0.6820
17 0.6291 0.8530 0.6161 0.6973
18 0.5655 0.7950 0.5324 0.6270
19 0.5417 0.7469 0.4990 0.6125
20 0.4740 0.6834 0.4163 0.5377
21 0.5003 0.7321 0.4379 0.5559
22 0.4958 0.7197 0.4204 0.5604
23 0.4704 0.6692 0.4050 0.5459
24 0.4729 0.6614 0.3993 0.5548
25 0.4649 0.6251 0.3998 0.5675
26 0.5117 0.6695 0.4640 0.6330
27 0.5264 0.6563 0.4756 0.6262
28 0.5790 0.7108 0.5508 0.6493
29 0.6124 0.7483 0.5839 0.6793
30 0.5719 0.6579 0.5660 0.6866
31 0.4985 0.5957 0.5028 0.6610
32 0.5023 0.5811 0.5126 0.6461
33 0.4677 0.5675 0.4501 0.6159
34 0.5080 0.6179 0.4719 0.6371
35 0.4908 0.6312 0.4353 0.6050
36 0.5346 0.7029 0.4761 0.6375
37 0.5420 0.7177 0.4720 0.6286
38 0.5843 0.7808 0.5157 0.6578
39 0.6117 0.8194 0.5592 0.6804
40 0.6521 0.8894 0.6076 0.7167
41 0.6742 0.9198 0.6523 0.7338
42 0.7071 0.9261 0.6845 0.7802
43 0.7831 1.0080 0.7781 0.8651
44 0.8398 1.0643 0.8310 0.9450
45 0.9079 1.1275 0.9181 1.0371
46 0.9473 1.1830 0.9737 1.0485
47 0.8890 1.1219 0.9132 0.9683
48 0.8670 1.1094 0.8719 0.9299
49 0.7918 1.0405 0.7819 0.8627
50 0.7949 1.0348 0.7656 0.8794
51 0.7210 0.9485 0.6787 0.7975
52 0.7047 0.9035 0.6543 0.7939
53 0.6573 0.8405 0.5974 0.7502
54 0.6302 0.7864 0.5796 0.7310
55 0.6020 0.7394 0.5616 0.7204
56 0.5603 0.6722 0.5274 0.6806
57 0.5581 0.6349 0.5419 0.6976
58 0.4873 0.5601 0.4866 0.6110
59 0.5325 0.5740 0.5436 0.6575
60 0.5117 0.5368 0.5487 0.6304
61 0.5616 0.5825 0.5788 0.6797
62 0.5316 0.5932 0.5335 0.6423
63 0.5817 0.6924 0.5809 0.7078
64 0.6636 0.7623 0.6236 0.7546
65 0.6248 0.7406 0.6055 0.7291
66 0.6857 0.8087 0.6743 0.8028
67 0.7066 0.8617 0.6792 0.8191
68 0.7246 0.8956 0.6803 0.8485
69 0.7874 0.9803 0.7572 0.9305
70 0.8107 1.0301 0.7773 0.9498
71 0.8763 1.1153 0.8532 1.0163
72 0.8961 1.1168 0.8518 1.0160
73 0.9737 1.2109 0.9421 1.0943
74 1.0033 1.2619 0.9709 1.1198
75 1.0525 1.3209 1.0116 1.1981
76 1.1095 1.4038 1.0891 1.2597
77 1.1513 1.4533 1.1293 1.3243
78 1.2209 1.5390 1.2020 1.4053
79 1.2389 1.5721 1.2126 1.4471
80 1.3287 1.6757 1.2995 1.5358
81 1.3264 1.6743 1.3203 1.5218
82 1.2387 1.5723 1.2334 1.4174
83 1.1913 1.5117 1.1849 1.3533
84 1.1161 1.4248 1.0967 1.2710
85 1.0669 1.3602 1.0419 1.2012
86 0.9916 1.2675 0.9557 1.1152
87 0.9586 1.2234 0.9236 1.0558
88 0.9033 1.1476 0.8558 1.0003
89 0.8719 1.1333 0.8513 0.9539
90 0.8055 1.0732 0.7886 0.8694
91 0.7867 1.0511 0.7493 0.8591
92 0.7053 0.9561 0.6651 0.7723
93 0.7045 0.9400 0.6507 0.7846
94 0.6318 0.8573 0.5697 0.7093
95 0.6093 0.8520 0.5445 0.6704
96 0.5803 0.8241 0.5156 0.6509
97 0.5695 0.7945 0.5012 0.6554
98 0.5483 0.7783 0.4800 0.6477
99 0.5474 0.7633 0.4847 0.6701
100 0.5533 0.7688 0.4960 0.6840
101 0.5652 0.7553 0.5148 0.7184
102 0.6062 0.7836 0.5556 0.7646
103 0.6394 0.8368 0.5694 0.7824
104 0.6196 0.8278 0.5551 0.7548
105 0.6394 0.8776 0.5784 0.7646
106 0.6499 0.8836 0.5897 0.7571
107 0.6797 0.9317 0.6199 0.7749
108 0.7235 0.9815 0.6698 0.8051
109 0.7302 1.0040 0.6816 0.8040
110 0.7748 1.0521 0.7374 0.8419
111 0.8397 1.1088 0.7994 0.9231
112 0.9145 1.1894 0.8816 1.0009
113 0.9730 1.2647 0.9424 1.0850
114 1.0547 1.3559 1.0334 1.1743
115 1.1200 1.4344 1.1065 1.2624
116 1.1926 1.5115 1.1877 1.3347
117 1.2628 1.5992 1.2702 1.4281
118 1.3319 1.6519 1.3532 1.4910
119 1.3403 1.6611 1.3412 1.4710
120 1.2673 1.5988 1.2689 1.4019
121 1.1846 1.5059 1.1802 1.3116
122 1.1135 1.4363 1.1030 1.2418
123 1.0794 1.3861 1.0639 1.1862
124 1.0158 1.3075 0.9929 1.1095
125 0.9509 1.2387 0.9216 1.0307
126 0.8687 1.1520 0.8341 0.9477
127 0.8672 1.1636 0.8313 0.9668
128 0.8012 1.0843 0.7544 0.8917
129 0.7896 1.0653 0.7400 0.8970
130 0.7408 1.0004 0.6863 0.8543
131 0.7491 0.9930 0.6984 0.8756
132 0.7220 0.9589 0.6689 0.8670
133 0.7191 0.9247 0.6646 0.8722
134 0.7072 0.8853 0.6486 0.8700
135 0.7023 0.8607 0.6623 0.8774
136 0.7294 0.8533 0.6850 0.9172
137 0.7896 0.9273 0.7282 0.9697
138 0.8077 0.9658 0.7546 0.9852
139 0.8182 0.9991 0.7537 0.9837
140 0.8122 1.0261 0.7636 0.9801
141 0.8290 1.0695 0.7715 0.9802
142 0.8312 1.0950 0.7776 0.9607
143 0.8218 1.1026 0.7665 0.9438
144 0.8510 1.1423 0.7990 0.9751
145 0.8647 1.1741 0.8229 0.9965
146 0.8993 1.2150 0.8636 1.0285
147 0.9604 1.2757 0.9275 1.0989
148 1.0348 1.3620 1.0168 1.1846
149 1.1067 1.4429 1.0939 1.2709
150 1.1410 1.4922 1.1316 1.3029
151 1.1760 1.5206 1.1735 1.3280
152 1.1540 1.4811 1.1535 1.2792
153 1.2277 1.5594 1.2410 1.3637
154 1.2167 1.5701 1.2321 1.3792
155 1.1494 1.4812 1.1525 1.2891
156 1.1991 1.5012 1.1998 1.3129
157 1.2546 1.5924 1.2781 1.4065
158 1.2012 1.5499 1.2283 1.3669
159 1.1712 1.4747 1.1835 1.2972
160 1.0989 1.4000 1.0943 1.2128
161 1.0798 1.4240 1.0996 1.2315
162 1.0113 1.3892 1.0302 1.1772
163 1.0021 1.3416 0.9934 1.1326
164 0.9409 1.2617 0.9139 1.0621
165 0.9572 1.2615 0.9290 1.0554
166 0.8942 1.1860 0.8644 0.9625
167 0.8316 1.1333 0.7974 0.9194
168 0.7664 1.0510 0.7290 0.8456
169 0.7505 1.0438 0.7087 0.8373
170 0.6856 0.9684 0.6272 0.7673
171 0.6545 0.9263 0.5938 0.7249
172 0.6075 0.8663 0.5462 0.6869
173 0.6081 0.8730 0.5411 0.7042
174 0.5721 0.8432 0.5110 0.6671
175 0.5826 0.8518 0.5246 0.6949
176 0.5728 0.8603 0.5350 0.6867
177 0.5416 0.8195 0.5188 0.6569
178 0.5967 0.8896 0.5804 0.7322
179 0.6215 0.8951 0.5780 0.7601
180 0.6617 0.9558 0.6125 0.7994
181 0.6653 0.9511 0.6064 0.7892
182 0.6634 0.9599 0.6152 0.7796
183 0.6762 0.9732 0.6446 0.7824
184 0.6767 0.9763 0.6653 0.7772
185 0.7371 1.0360 0.7128 0.8311
186 0.7369 1.0396 0.7181 0.8195
187 0.7973 1.1017 0.7765 0.8889
188 0.8419 1.1637 0.8179 0.9576
189 0.9071 1.2462 0.8936 1.0407
190 0.9074 1.2431 0.9087 1.0362
191 0.8432 1.1672 0.8413 0.9512
192 0.8386 1.1716 0.8415 0.9563
193 0.7875 1.1086 0.7746 0.8956
194 0.8036 1.1158 0.7627 0.9026
195 0.7472 1.0632 0.7270 0.8705
196 0.7677 1.0896 0.7352 0.9029
197 0.7501 1.0643 0.7094 0.8783
198 0.7615 1.0677 0.7137 0.9079
199 0.7296 1.0251 0.6848 0.8875
200 0.7130 0.9799 0.6623 0.8657
201 0.7482 1.0058 0.7031 0.9218
202 0.8087 1.0969 0.7623 0.9861
203 0.8134 1.0953 0.7605 0.9728
204 0.8231 1.0742 0.7742 0.9927
205 0.8739 1.1340 0.8357 1.0618
206 0.9167 1.2156 0.8791 1.1019
207 0.9196 1.1968 0.8693 1.1064
208 0.9903 1.2607 0.9251 1.1841
209 1.0077 1.2669 0.9577 1.1988
210 1.0699 1.3469 1.0315 1.2634
211 1.0544 1.3496 1.0115 1.2428
212 1.0200 1.3151 0.9771 1.1952
213 1.0289 1.3386 0.9804 1.2063
214 1.0059 1.3303 0.9547 1.1935
215 0.9727 1.2967 0.9314 1.1501
216 0.9098 1.2220 0.8607 1.0811
217 0.9314 1.2513 0.8803 1.1144
218 0.8692 1.1840 0.8243 1.0353
219 0.8463 1.1692 0.8047 0.9998
220 0.8360 1.1690 0.8030 0.9865
221 0.8467 1.1720 0.8041 0.9903
222 0.8529 1.1686 0.8061 0.9787
223 0.9129 1.2362 0.8637 1.0517
224 0.9738 1.2788 0.9096 1.0788
225 0.9968 1.3032 0.9430 1.0808
226 1.0580 1.3616 1.0173 1.1415
227 1.0211 1.3157 0.9783 1.0939
228 1.0041 1.2878 0.9711 1.0786
229 0.9118 1.2089 0.8961 0.9966
230 0.8686 1.1873 0.8539 0.9635
231 0.9092 1.2189 0.8912 0.9656
232 0.8406 1.1436 0.8266 0.8623
233 0.7736 1.0757 0.7536 0.8212
234 0.7335 1.0299 0.7020 0.7854
235 0.7328 1.0376 0.6990 0.7959
236 0.7079 1.0051 0.6381 0.7534
237 0.6492 0.9323 0.5808 0.6920
238 0.5768 0.8656 0.5176 0.6307
239 0.5838 0.8817 0.5157 0.6443
240 0.5324 0.8389 0.4710 0.6024
241 0.5403 0.8556 0.5114 0.6356
242 0.5251 0.8470 0.5166 0.6199
243 0.5687 0.8807 0.5739 0.6590
244 0.5640 0.9336 0.6349 0.7042
245 0.6233 0.9972 0.6816 0.7754
246 0.6677 1.0072 0.6516 0.7787
247 0.6829 0.9979 0.6816 0.7851
248 0.7284 1.0073 0.6739 0.7565
249 0.6703 0.9919 0.6553 0.7726
250 0.6329 1.0167 0.6420 0.7554
251 0.5965 0.9675 0.5762 0.7188
252 0.6177 0.9694 0.6100 0.7368
253 0.6199 0.9517 0.5947 0.7214
254 0.5982 0.9156 0.5595 0.6705
255 0.6413 0.9480 0.5913 0.7035
256 0.6186 0.9135 0.5756 0.6725
257 0.6752 0.9703 0.6424 0.7243
258 0.6339 0.9242 0.6045 0.6773
259 0.7008 0.9862 0.6794 0.7408
260 0.7552 1.0518 0.7420 0.7983
261 0.8147 1.1114 0.8245 0.8654
262 0.8000 1.1011 0.8268 0.8402
263 0.7125 1.0002 0.7195 0.7530
264 0.6941 0.9832 0.7136 0.7409
265 0.6674 0.9588 0.6638 0.7162
266 0.6700 0.9659 0.6651 0.7280
267 0.6342 0.9360 0.6185 0.6977
268 0.6800 0.9949 0.6741 0.7552
269 0.6524 0.9891 0.6539 0.7402
270 0.7046 1.0440 0.7083 0.8140
271 0.6862 1.0545 0.7212 0.8588
272 0.6781 1.0507 0.7259 0.8826
273 0.7873 1.1299 0.8179 0.9363
274 0.7853 1.1249 0.7965 0.9185
275 0.8155 1.1536 0.8416 0.9488
276 0.7961 1.1239 0.8241 0.9218
277 0.7478 1.0750 0.7846 0.8532
278 0.7249 1.0403 0.7586 0.8113
279 0.7243 1.0112 0.7441 0.7950
280 0.6618 0.9617 0.6846 0.7321
281 0.6776 0.9742 0.7027 0.7412
282 0.6246 0.9135 0.6568 0.6817
283 0.6089 0.8907 0.6635 0.6760
284 0.5979 0.8797 0.6532 0.6607
285 0.6390 0.9220 0.6682 0.6902
286 0.5981 0.8841 0.6036 0.6390
287 0.5388 0.8207 0.5330 0.5746
288 0.5610 0.8439 0.5319 0.5915
289 0.5538 0.8439 0.5379 0.5997
290 0.5597 0.8555 0.5235 0.6097
291 0.5337 0.8216 0.4799 0.5739
292 0.4860 0.7700 0.4263 0.5309
293 0.4803 0.7720 0.4335 0.5393
294 0.4229 0.7152 0.3883 0.4914
295 0.4181 0.7328 0.3990 0.5110
296 0.3683 0.6740 0.3742 0.4701
297 0.3493 0.6624 0.3997 0.4619
298 0.3228 0.6352 0.3700 0.4200
299 0.3553 0.6788 0.4366 0.4367
300 0.3385 0.6304 0.4466 0.4639
301 0.3664 0.6957 0.4989 0.5004
302 0.3623 0.6791 0.4701 0.5119
303 0.3932 0.7578 0.4921 0.5337
304 0.3935 0.7704 0.4614 0.5432
305 0.4299 0.7460 0.4755 0.5194
306 0.4565 0.7595 0.4622 0.5318
307 0.4239 0.7120 0.4175 0.4856
308 0.4659 0.7568 0.4474 0.5235
309 0.4347 0.7254 0.4022 0.4847
310 0.4651 0.7570 0.4395 0.5045
311 0.4247 0.7111 0.3902 0.4504
312 0.4500 0.7512 0.4349 0.4837
313 0.4463 0.7467 0.4564 0.4917
314 0.4303 0.7427 0.4630 0.4873
315 0.4055 0.7048 0.4638 0.4744
316 0.4216 0.7363 0.4883 0.5294
317 0.3647 0.6997 0.4540 0.4861
318 0.3876 0.6992 0.4546 0.5254
319 0.3551 0.6693 0.4393 0.4487
320 0.3517 0.7120 0.4555 0.4595
321 0.4297 0.7830 0.5288 0.5356
322 0.4282 0.7624 0.4726 0.5017
323 0.3427 0.6801 0.4263 0.4104
324 0.3589 0.6870 0.3914 0.4060
325 0.3189 0.6263 0.3220 0.3592
326 0.3685 0.6616 0.3598 0.4062
327 0.3893 0.6696 0.3911 0.4319
328 0.3883 0.6719 0.3892 0.4395
329 0.4417 0.7274 0.4615 0.5007
330 0.4369 0.7199 0.4698 0.4966
331 0.5049 0.7859 0.5538 0.5595
332 0.5208 0.7749 0.5856 0.5495
333 0.5872 0.8149 0.6180 0.5957
334 0.7696 0.8751 0.7286 0.6661
335 0.7638 0.8832 0.7212 0.6950
336 0.8151 0.9288 0.7920 0.7685
337 0.8243 0.9606 0.8303 0.8278
338 0.7914 0.9745 0.8352 0.8271
339 0.7325 0.9738 0.7211 0.8183
340 0.6381 0.9314 0.7164 0.7279
341 0.6140 0.9579 0.7596 0.7372
342 0.5776 0.9020 0.6903 0.6964
343 0.5106 0.8151 0.5918 0.6060
344 0.4873 0.7688 0.5648 0.5627
345 0.4229 0.6963 0.4907 0.4971
346 0.4076 0.6825 0.4533 0.4758
347 0.3381 0.6067 0.3708 0.3968
348 0.3233 0.5991 0.3497 0.3795
349 0.2680 0.5508 0.2790 0.3157
350 0.2157 0.4948 0.2258 0.2724
351 0.2056 0.5051 0.1993 0.2489
352 0.2609 0.5721 0.2523 0.2932
353 0.3143 0.6298 0.2909 0.3373
354 0.2893 0.5827 0.2970 0.3083
355 0.3425 0.6347 0.3190 0.3722
356 0.3038 0.5950 0.2847 0.3438
357 0.3380 0.6377 0.3107 0.3902
358 0.3945 0.6805 0.3314 0.4254
359 0.3652 0.6442 0.2964 0.4107
360 0.3368 0.6023 0.2775 0.3835
361 0.3145 0.5553 0.2451 0.3667
362 0.2976 0.5275 0.2492 0.3574
363 0.2540 0.4491 0.2266 0.3299
364 0.2678 0.4589 0.2264 0.3433
365 0.2251 0.4106 0.2729 0.2958
366 0.1893 0.3320 0.3225 0.2819
367 0.2223 0.3307 0.4241 0.2650
368 0.2535 0.3775 0.4241 0.2871
369 0.3134 0.4560 0.4754 0.3002
370 0.3281 0.5186 0.4367 0.3485
371 0.2994 0.5064 0.3889 0.3207
372 0.2693 0.4896 0.3091 0.3233
373 0.2234 0.4324 0.2653 0.2810
374 0.2388 0.4828 0.2449 0.2935
375 0.2357 0.4727 0.2055 0.2805
376 0.2637 0.5232 0.2259 0.3015
377 0.2813 0.5416 0.2213 0.3099
378 0.2729 0.5466 0.2324 0.2974
379 0.3116 0.5720 0.2604 0.3290
380 0.3017 0.5820 0.2859 0.3141
381 0.2399 0.5214 0.2386 0.2561
382 0.1976 0.4591 0.2037 0.2167
383 0.1971 0.4573 0.2269 0.2373
384 0.2347 0.4941 0.2583 0.2660
385 0.2616 0.5437 0.2670 0.2836
386 0.2825 0.5218 0.2606 0.2943
387 0.2604 0.5088 0.2212 0.2731
388 0.2127 0.4495 0.1687 0.2387
389 0.2135 0.4470 0.1604 0.2438
390 0.1835 0.4253 0.1822 0.2232
391 0.1738 0.4113 0.1983 0.2265
392 0.1999 0.4406 0.2571 0.2568
393 0.2132 0.4368 0.3020 0.2655
394 0.2613 0.5184 0.3430 0.3061
395 0.2925 0.5505 0.3899 0.3606
396 0.3341 0.6278 0.4579 0.4125
397 0.3827 0.6939 0.4613 0.4570
398 0.3467 0.6346 0.4073 0.4182
399 0.3109 0.5583 0.3855 0.3630
400 0.2890 0.5017 0.3840 0.3626
401 0.3078 0.5303 0.3962 0.3974
402 0.2395 0.4367 0.3494 0.3388
403 0.1763 0.3891 0.2675 0.2626
404 0.1624 0.3413 0.2720 0.2558
405 0.1428 0.3021 0.2098 0.2104
406 0.1438 0.3424 0.1612 0.1958
407 0.1845 0.3587 0.1626 0.2277
408 0.2059 0.3838 0.1839 0.2473
409 0.2692 0.4539 0.2324 0.3084
410 0.3267 0.4702 0.3004 0.3761
411 0.3736 0.5345 0.3358 0.4100
412 0.3946 0.5643 0.3549 0.4127
413 0.3825 0.5783 0.3362 0.3736
414 0.4393 0.6348 0.3697 0.4090
415 0.4199 0.6264 0.3623 0.4289
416 0.3929 0.6253 0.3286 0.4048
417 0.3415 0.5589 0.2739 0.3692
418 0.3332 0.5631 0.2527 0.3675
419 0.3960 0.6370 0.3213 0.4363
420 0.3932 0.6353 0.3174 0.4519
421 0.3471 0.5648 0.2593 0.4131
422 0.3556 0.5522 0.2652 0.4266
423 0.2994 0.4905 0.2329 0.3881
424 0.2889 0.4821 0.2526 0.3871
425 0.3163 0.4811 0.2899 0.4278
426 0.2988 0.4275 0.2964 0.4110
427 0.3638 0.4592 0.3561 0.4851
428 0.3825 0.4516 0.4051 0.4894
429 0.3337 0.4280 0.3737 0.4468
430 0.2979 0.3573 0.3616 0.3927
431 0.2336 0.3501 0.3089 0.3545
432 0.2254 0.3224 0.2858 0.3498
433 0.2519 0.3811 0.2638 0.3758
434 0.2799 0.3869 0.2593 0.3843
435 0.2727 0.4299 0.2234 0.3600
436 0.3330 0.4938 0.2629 0.4158
437 0.3329 0.5190 0.2612 0.3967
438 0.3945 0.5960 0.3253 0.4568
439 0.4120 0.6211 0.3499 0.4582
440 0.4734 0.7041 0.4295 0.5004
441 0.4678 0.7094 0.4442 0.5108
442 0.4605 0.6687 0.4389 0.5119
443 0.5105 0.7088 0.4833 0.5740
444 0.4686 0.6380 0.4307 0.5424
445 0.4270 0.5856 0.3749 0.5041
446 0.3699 0.5050 0.3272 0.4492
447 0.3453 0.4513 0.3064 0.4320
448 0.2853 0.3844 0.2640 0.3641
449 0.2955 0.3352 0.2988 0.3823
450 0.2182 0.2905 0.2804 0.3219
451 0.2241 0.2456 0.3163 0.3206
452 0.2251 0.2338 0.3490 0.3280
453 0.2037 0.2360 0.3529 0.2827
454 0.2559 0.2408 0.4125 0.3006
455 0.2787 0.2846 0.4301 0.2936
456 0.3428 0.3072 0.4806 0.3366
457 0.4134 0.3723 0.5306 0.3798
458 0.4811 0.4144 0.5793 0.4485
459 0.5441 0.4762 0.6390 0.5118
460 0.6139 0.5265 0.6945 0.5832
461 0.6640 0.5802 0.7590 0.6421
462 0.7392 0.6418 0.8124 0.7360
463 0.8032 0.7071 0.8611 0.8062
464 0.8415 0.7458 0.8760 0.8479
465 0.9156 0.8139 0.9252 0.9456
466 0.9545 0.8327 0.9563 0.9794
467 1.0242 0.8927 1.0066 1.0622
468 1.0713 0.9176 1.0213 1.1176
469 1.1318 0.9685 1.0787 1.1948
470 1.0940 0.9240 1.0780 1.1349
471 1.0873 0.9114 1.0749 1.1348
472 1.0380 0.8594 1.0614 1.0795
473 1.0224 0.8392 1.0360 1.0687
474 1.0790 0.8811 1.0666 1.1496
475 1.0951 0.8855 1.0622 1.1563
476 1.1270 0.9242 1.0917 1.1791
477 1.2416 1.0352 1.1925 1.2795
478 1.2669 1.0448 1.2178 1.3056
479 1.2530 1.0642 1.2150 1.3256
480 1.2339 1.0323 1.2001 1.2862
481 1.1398 0.9438 1.1047 1.2097
482 1.0789 0.8957 1.0462 1.1397
483 1.0259 0.8579 1.0090 1.0677
484 0.9412 0.7842 0.9628 0.9686
485 0.8681 0.7259 0.9126 0.8752
486 0.7959 0.6603 0.8644 0.7862
487 0.7403 0.6146 0.8108 0.7249
488 0.6678 0.5566 0.7751 0.6463
489 0.6104 0.4957 0.7223 0.5765
490 0.5402 0.4469 0.6525 0.5141
491 0.4865 0.3891 0.6003 0.4624
492 0.4202 0.3476 0.5563 0.4035
493 0.3593 0.3045 0.5138 0.3880
494 0.3109 0.2920 0.4835 0.3822
495 0.2577 0.2766 0.4194 0.3329
496 0.2356 0.2890 0.3692 0.3320
497 0.2677 0.2769 0.3874 0.4035
498 0.2902 0.2480 0.4308 0.4209
499 0.3573 0.2692 0.4650 0.4741
500 0.4094 0.2914 0.4991 0.4995
501 0.4562 0.3140 0.5450 0.5473
502 0.4198 0.2810 0.5253 0.4951
503 0.4734 0.3197 0.5713 0.5190
504 0.4724 0.3276 0.5651 0.4997
505 0.5356 0.3828 0.6082 0.5497
506 0.5631 0.4240 0.6336 0.5607
507 0.6164 0.4738 0.6595 0.6147
508 0.6720 0.5306 0.7031 0.6632
509 0.7262 0.5848 0.7315 0.7180
510 0.7913 0.6510 0.7829 0.7884
511 0.8317 0.7001 0.8012 0.8353
512 0.7922 0.6563 0.7366 0.7705
513 0.8203 0.7024 0.7530 0.8040
514 0.8860 0.7503 0.8124 0.9003
515 0.9036 0.7522 0.8224 0.9310
516 0.8935 0.7351 0.8285 0.9284
517 0.9820 0.8020 0.8972 1.0226
518 0.9900 0.8194 0.8984 1.0284
519 0.9296 0.7737 0.8738 0.9593
520 0.9806 0.8093 0.9183 1.0020
521 0.9333 0.7692 0.8959 0.9479
522 0.9184 0.7443 0.8888 0.9369
523 0.8738 0.6983 0.8747 0.8890
524 0.9315 0.7398 0.9267 0.9519
525 0.9266 0.7224 0.9260 0.9532
526 0.9214 0.7250 0.9023 0.9574
527 0.9616 0.7655 0.9180 0.9926
528 0.8889 0.7178 0.8627 0.9251
529 0.8497 0.6942 0.8262 0.8720
530 0.7752 0.6106 0.7754 0.7846
531 0.7371 0.5754 0.7552 0.7546
532 0.6709 0.5071 0.7094 0.6889
533 0.6416 0.4757 0.7271 0.6445
534 0.6037 0.4287 0.6910 0.6212
535 0.5567 0.3899 0.6530 0.5652
536 0.5191 0.3609 0.6225 0.5448
537 0.4473 0.3181 0.5641 0.4918
538 0.4399 0.3025 0.5445 0.5451
539 0.4158 0.2920 0.5220 0.4884
540 0.4191 0.3139 0.5361 0.4590
541 0.3892 0.3455 0.5243 0.4316
542 0.4252 0.3836 0.5593 0.4470
543 0.4544 0.3907 0.5886 0.4578
544 0.5065 0.4113 0.6284 0.5122
545 0.5623 0.4630 0.6839 0.5567
546 0.6282 0.4964 0.7426 0.6133
547 0.6951 0.5548 0.7939 0.6742
548 0.7599 0.6072 0.8296 0.7512
549 0.8255 0.6736 0.8817 0.8312
550 0.8656 0.7136 0.8901 0.8789
551 0.9458 0.7849 0.9328 0.9760
552 1.0039 0.8269 0.9591 1.0370
553 1.0943 0.8594 1.0236 1.1055
554 1.2016 0.9151 1.1100 1.2031
555 1.2513 0.9463 1.1327 1.2504
556 1.3082 0.9621 1.1672 1.3053
557 1.1903 0.9171 1.0980 1.2110
558 1.1311 0.8915 1.0249 1.1413
559 1.1567 0.8999 1.0185 1.1368
560 1.0802 0.8991 0.9689 1.1121
561 1.0758 0.9077 0.9912 1.1176
562 1.0558 0.9074 0.9591 1.0923
563 0.9749 0.8490 0.8850 0.9957
564 0.9066 0.7949 0.8436 0.9219
565 0.8691 0.7534 0.8247 0.8773
566 0.7861 0.6808 0.7645 0.7779
567 0.7364 0.6269 0.7381 0.7257
568 0.6669 0.5498 0.6794 0.6377
569 0.6053 0.4914 0.6437 0.5812
570 0.5446 0.4333 0.5942 0.5244
571 0.4867 0.3735 0.5601 0.4774
572 0.4496 0.3271 0.5316 0.4620
573 0.4325 0.2965 0.5302 0.4596
574 0.5020 0.3560 0.5776 0.5413
575 0.5157 0.4188 0.5954 0.5666
576 0.5087 0.4709 0.5884 0.5755
577 0.5976 0.5667 0.6825 0.6393
578 0.6870 0.6265 0.7397 0.6897
579 0.7517 0.6049 0.8177 0.6948
580 0.5788 0.5414 0.6830 0.6583
581 0.4960 0.4291 0.6759 0.5420
582 0.4114 0.3256 0.6103 0.4453
583 0.3541 0.2835 0.4367 0.4462
584 0.2893 0.2267 0.4074 0.3806
585 0.2466 0.2144 0.3733 0.3134
586 0.2770 0.2322 0.4071 0.3128
587 0.2697 0.2651 0.3945 0.2791
588 0.3369 0.3327 0.4339 0.3095
589 0.4184 0.3910 0.4974 0.3837
590 0.4341 0.3666 0.5138 0.4069
591 0.5080 0.4393 0.5589 0.4749
592 0.5687 0.4921 0.6055 0.5262
593 0.6466 0.5623 0.6641 0.6180
594 0.7003 0.6171 0.7243 0.6770
595 0.7930 0.7071 0.7749 0.7841
596 0.8540 0.7601 0.8468 0.8646
597 0.9359 0.8388 0.8948 0.9803
598 1.0092 0.8691 0.9632 1.0395
599 1.0306 0.8882 1.0001 1.0642
600 1.0785 0.8335 1.0374 1.0927
601 1.0910 0.7771 1.0684 1.1219
602 1.0591 0.7864 1.0499 1.1171
603 1.1094 0.8257 1.1170 1.1713
604 1.1424 0.8740 1.1487 1.2077
605 1.0809 0.8704 1.0944 1.1709
606 1.0548 0.8188 1.0599 1.1290
607 1.0074 0.7918 1.0096 1.0995
608 0.9986 0.7620 0.9934 1.0801
609 0.9885 0.7745 0.9867 1.0826
610 0.9769 0.7628 0.9693 1.0642
611 0.9966 0.7637 0.9896 1.0862
612 0.9640 0.7669 0.9521 1.0499
613 0.9833 0.7661 0.9717 1.0638
614 0.9578 0.7738 0.9379 1.0349
615 0.9795 0.7783 0.9634 1.0572
616 0.9522 0.8008 0.9349 1.0289
617 0.9531 0.8113 0.9404 1.0307
618 0.9279 0.8474 0.9220 1.0071
619 0.9362 0.8632 0.9131 1.0301
620 0.9402 0.8878 0.9299 1.0228
621 0.9915 0.9628 1.0273 1.0148
622 0.9979 0.9303 0.8759 1.0183
623 0.9205 0.9430 0.8392 0.9776
624 0.8948 0.9709 0.8417 0.9788
625 0.8742 0.9749 0.7990 0.9610
626 0.8313 0.9838 0.7828 0.9510
627 0.8134 0.9844 0.8184 0.9475
628 0.7932 0.9728 0.8405 0.9424
629 0.8247 0.9570 0.8413 0.9421
630 0.8273 0.9432 0.8147 0.9405
631 0.8615 0.8987 0.8491 0.9625
632 0.8741 0.8611 0.8671 0.9527
633 0.8874 0.8461 0.8796 0.9656
634 0.9272 0.8112 0.8996 0.9925
635 0.9333 0.7977 0.9002 0.9970
636 0.9732 0.7797 0.9571 1.0391
637 0.9590 0.7767 0.9374 1.0247
638 0.9984 0.7642 0.9771 1.0561
639 1.0047 0.7615 0.9877 1.0747
640 1.0572 0.7605 1.0453 1.1237
641 1.0454 0.7603 1.0353 1.1151
642 1.0298 0.7655 1.0191 1.0940
643 0.9855 0.7790 0.9774 1.0556
644 0.9297 0.7768 0.9251 1.0109
645 0.8912 0.8063 0.8785 0.9761
646 0.8500 0.8178 0.8206 0.9332
647 0.8666 0.8096 0.8403 0.9517
648 0.8305 0.8223 0.8051 0.9234
649 0.8370 0.8206 0.8129 0.9304
650 0.8014 0.8422 0.7678 0.8957
651 0.7989 0.8511 0.7653 0.8952
652 0.7671 0.8677 0.7252 0.8627
653 0.7566 0.8832 0.7110 0.8516
654 0.7532 0.8982 0.7042 0.8463
655 0.7110 0.9412 0.6718 0.8287
656 0.7287 0.9593 0.6952 0.8517
657 0.7492 0.9326 0.7174 0.8697
658 0.7377 0.9488 0.7126 0.8636
659 0.7544 0.9254 0.7281 0.8671
660 0.7585 0.9214 0.7318 0.8686
661 0.7884 0.8907 0.7497 0.8788
662 0.8271 0.8651 0.8060 0.9066
663 0.8721 0.8326 0.8323 0.9322
664 0.9066 0.8056 0.8911 0.9575
665 0.9832 0.8086 0.9660 1.0537
666 0.9982 0.8092 0.9852 1.0554
667 1.0207 0.7905 0.9560 1.0966
668 1.0273 0.8071 0.9164 1.1069
669 0.9457 0.8450 0.8377 1.0051
670 0.9380 0.8409 0.8308 0.9892
671 0.8500 0.8559 0.7616 0.9190
672 0.8492 0.8665 0.7865 0.9088
673 0.8338 0.9177 0.7410 0.8806
674 0.7838 0.8896 0.7173 0.8415
675 0.7355 0.9036 0.6585 0.7821
676 0.7128 0.9095 0.6197 0.7679
677 0.6917 0.9183 0.5944 0.7604
678 0.6488 0.9498 0.5582 0.7489
679 0.6908 0.9733 0.5623 0.8292
680 0.6237 0.9544 0.5860 0.8060
681 0.6270 0.9524 0.5937 0.8047
682 0.6628 0.9063 0.6200 0.8154
683 0.6962 0.9056 0.6281 0.7893
684 0.7310 0.8852 0.6739 0.8236
685 0.7477 0.8751 0.6959 0.8345
686 0.7683 0.8616 0.7248 0.8556
687 0.8099 0.8466 0.7701 0.8932
688 0.8365 0.8317 0.8025 0.9185
689 0.8893 0.8037 0.8569 0.9666
690 0.9059 0.8264 0.8711 0.9907
691 0.9015 0.8231 0.8691 0.9870
692 0.9239 0.8039 0.9186 1.0107
693 0.9374 0.7903 0.9365 1.0275
694 1.0028 0.7780 0.9835 1.0955
695 1.0390 0.7820 1.0279 1.1900
696 1.0678 0.7813 1.0578 1.1845
697 1.0368 0.7765 1.0107 1.1307
698 1.0208 0.7771 0.9902 1.1041
699 0.9702 0.7716 0.9448 1.0251
700 0.9613 0.7800 0.9341 1.0174
701 0.9069 0.7970 0.8693 0.9658
702 0.8904 0.8176 0.8601 0.9593
703 0.8460 0.8501 0.8237 0.9293
704 0.8226 0.8823 0.8067 0.9181
705 0.7975 0.9119 0.7875 0.9082
706 0.7808 0.9413 0.7725 0.8959
707 0.7738 0.9416 0.7634 0.8998
708 0.7565 0.9833 0.7289 0.8688
709 0.7673 0.9497 0.7580 0.9006
710 0.7705 1.0205 0.7320 0.9142
711 0.8014 1.0623 0.7158 0.9057
712 0.9179 1.0235 0.7426 0.8775
713 0.9929 0.9714 0.9151 0.9081
714 0.8821 0.9485 0.8145 0.9173
715 0.8676 0.9223 0.8569 0.9654
716 0.8674 0.8950 0.8470 0.9618
717 0.8389 0.8962 0.8137 0.9351
718 0.8465 0.8702 0.8157 0.9421
719 0.8274 0.8553 0.8055 0.9224
720 0.8317 0.8419 0.8091 0.9265
721 0.8477 0.8193 0.8158 0.9410
722 0.8555 0.8088 0.8309 0.9521
723 0.8656 0.8046 0.8427 0.9585
724 0.8385 0.8120 0.8166 0.9373
725 0.8542 0.8125 0.8365 0.9506
726 0.8407 0.8283 0.8256 0.9402
727 0.8870 0.8115 0.8755 0.9835
728 0.8849 0.8240 0.8736 0.9849
729 0.9228 0.7931 0.9091 1.0174
730 0.9213 0.7842 0.9045 1.0160
731 0.8891 0.7991 0.8654 0.9828
732 0.8755 0.7966 0.8577 0.9766
733 0.9099 0.7835 0.8891 1.0026
734 0.9173 0.7865 0.8966 1.0160
735 0.8859 0.8025 0.8621 0.9886
736 0.9025 0.7912 0.8781 0.9977
737 0.8920 0.8153 0.8690 0.9905
738 0.8904 0.8173 0.8624 0.9833
739 0.8924 0.8431 0.8664 0.9830
740 0.8858 0.8604 0.8543 0.9881
741 0.9010 0.8803 0.8743 0.9946
742 0.8783 0.9205 0.8581 0.9711
743 0.8942 0.9400 0.8835 0.9960
744 0.8668 0.9673 0.8709 0.9820
745 0.7990 1.0377 0.9062 1.0109
746 0.7562 1.0441 0.8577 0.9440
747 0.6588 1.0170 0.7623 0.8314
748 0.6064 1.0428 0.6895 0.7748
749 0.5235 1.0402 0.5915 0.6829
750 0.4697 1.0463 0.5295 0.6258
751 0.4143 1.0470 0.4644 0.5586
752 0.4177 1.0651 0.4388 0.5270
753 0.4130 1.0745 0.4370 0.5003
754 0.4642 1.1014 0.4793 0.5299
755 0.5291 1.1277 0.5464 0.5802
756 0.5378 1.1329 0.5755 0.6016
757 0.4549 1.1085 0.5085 0.5382
758 0.5010 1.1208 0.5710 0.5966
759 0.6002 1.1530 0.6508 0.6863
760 0.6810 1.1780 0.7451 0.7849
761 0.7620 1.1877 0.7952 0.8567
762 0.8554 1.2561 0.8973 0.9670
763 0.9128 1.2475 1.0205 1.0859
764 0.9639 1.3217 1.1266 1.2097
765 0.9747 1.4630 1.1889 1.3255
766 1.0598 1.6391 1.2623 1.5195
767 1.1365 1.6283 1.3840 1.6249
768 1.1749 1.5212 1.5108 1.5711
769 1.2008 1.5563 1.5790 1.5953
770 1.1765 1.5590 1.4455 1.6132
771 1.1769 1.5448 1.4078 1.4691
772 1.2740 1.4932 1.2921 1.3908
773 1.2145 1.3778 1.1928 1.3116
774 1.1588 1.3998 1.0710 1.2276
775 0.9950 1.2729 1.0084 1.0568
776 0.9508 1.2780 0.9222 0.9944
777 0.8675 1.2446 0.8423 0.8945
778 0.7817 1.2141 0.7552 0.8043
779 0.7303 1.1934 0.7076 0.7544
780 0.6198 1.1487 0.6053 0.6465
781 0.5874 1.1378 0.5713 0.6224
782 0.5124 1.1040 0.5160 0.5759
783 0.5175 1.1039 0.5212 0.5895
784 0.5001 1.0912 0.5176 0.6029
785 0.5377 1.0934 0.5524 0.6449
786 0.5776 1.0870 0.6068 0.7033
787 0.6291 1.0876 0.6452 0.7464
788 0.6884 1.0761 0.7162 0.8233
789 0.6857 1.0455 0.7020 0.8151
790 0.7531 1.0464 0.7929 0.9057
791 0.8445 1.0838 0.8922 1.0210
792 0.9090 1.0986 0.9761 1.0654
793 0.8976 1.1379 0.9751 1.0702
794 0.8147 1.1223 0.9243 1.0128
795 0.8567 1.1604 0.9749 1.0617
796 0.8040 1.1609 0.9448 1.0267
797 0.7276 1.1376 0.8288 0.9184
798 0.6568 1.1291 0.7746 0.8567
799 0.5817 1.1057 0.6733 0.7521
800 0.5275 1.0979 0.6250 0.6958
801 0.4982 1.0988 0.5590 0.6321
802 0.4710 1.0948 0.5354 0.6010
803 0.5250 1.1127 0.5365 0.6167
804 0.5477 1.1202 0.5456 0.6215
805 0.6320 1.1597 0.6150 0.6946
806 0.7015 1.1932 0.7049 0.7787
807 0.7891 1.2259 0.7533 0.8319
808 0.8297 1.2393 0.7995 0.8687
809 0.9116 1.2538 0.8368 0.9130
810 0.8284 1.2222 0.7636 0.8467
811 0.7356 1.1876 0.6987 0.7707
812 0.7082 1.1720 0.6939 0.7381
813 0.6890 1.1727 0.6928 0.7249
814 0.7616 1.2093 0.7718 0.8031
815 0.7351 1.1986 0.7495 0.7873
816 0.8333 1.2362 0.8340 0.8750
817 0.8187 1.2298 0.8231 0.8709
818 0.7553 1.2025 0.7634 0.8234
819 0.7766 1.2038 0.7832 0.8393
820 0.7628 1.1936 0.7797 0.8415
821 0.7919 1.1972 0.7962 0.8605
822 0.8192 1.1980 0.8255 0.8997
823 0.8900 1.2337 0.9184 0.9857
824 0.8095 1.2064 0.8493 0.9209
825 0.8337 1.2265 0.8962 0.9617
826 0.7648 1.1989 0.8254 0.8914
827 0.7759 1.2123 0.8522 0.9197
828 0.7247 1.1960 0.7881 0.8560
829 0.7078 1.1984 0.7842 0.8539
830 0.7500 1.2129 0.8098 0.8812
831 0.8254 1.2327 0.8717 0.9444
832 0.8090 1.2279 0.8408 0.9120
833 0.9049 1.2884 0.9162 0.9713
834 0.9737 1.3113 0.9795 1.0463
835 1.0532 1.3889 1.0655 1.1205
836 1.0676 1.4341 1.1653 1.2207
837 1.0895 1.4460 1.2069 1.2052
838 1.2594 1.4666 1.1796 1.3523
839 1.4307 1.4550 1.1512 1.4165
840 1.5524 1.5771 1.2726 1.4224
841 1.7396 1.6650 1.4341 1.5149
842 1.8253 1.6616 1.4460 1.6226
843 1.8710 1.6968 1.3956 1.6449
844 2.0255 1.7405 1.4152 1.8277
845 2.1345 1.7644 1.4372 1.9761
846 2.1899 1.7888 1.3282 1.9634
847 2.2369 1.7476 1.3098 2.0581
848 2.3087 1.7148 1.3301 2.1853
849 2.2803 1.6174 1.2719 2.0744
850 2.2640 1.5692 1.2422 1.8647
851 2.2732 1.5264 1.2827 1.6643
852 2.2462 1.4368 1.1896 1.6221
853 2.2173 1.4074 1.1149 1.4406
854 2.2017 1.4339 1.0348 1.2795
855 2.2023 1.4099 0.9468 1.1551
856 2.1705 1.4439 0.8615 1.0114
857 2.0796 1.4931 0.8153 0.9267
858 1.8909 1.4793 0.8386 0.8281
859 1.8504 1.4936 0.9029 0.7935
860 1.7871 1.4969 0.8742 0.7809
861 1.6561 1.4664 0.7650 0.7410
862 1.5534 1.4773 0.6948 0.7008
863 1.3586 1.4702 0.6954 0.7111
864 1.2072 1.4757 0.6754 0.6897
865 1.1124 1.4452 0.6865 0.6839
866 0.9713 1.4781 0.7412 0.7371
867 0.8561 1.4447 0.7318 0.7369
868 0.7662 1.3092 0.7447 0.7420
869 0.6863 1.1610 0.8101 0.8162
870 0.6209 1.1631 0.7282 0.7729
871 0.5969 1.1216 0.6748 0.7486
872 0.7233 1.0513 0.8381 0.8095
873 0.7522 1.0367 0.8397 0.7827
874 0.6414 0.9964 0.7288 0.6825
875 0.5951 1.0500 0.6332 0.6346
876 0.5683 1.0909 0.5989 0.6313
877 0.4959 1.0769 0.5299 0.5579
878 0.5073 1.1029 0.5179 0.5827
879 0.4548 1.0857 0.4864 0.5413
880 0.4696 1.0948 0.5082 0.5511
881 0.4568 1.0876 0.5251 0.5405
882 0.5437 1.1036 0.5337 0.5616
883 0.5670 1.1245 0.5647 0.6087
884 0.5810 1.1452 0.6140 0.6635
885 0.5575 1.1344 0.5956 0.6580
886 0.6039 1.1503 0.6411 0.7153
887 0.5703 1.1422 0.6419 0.7105
888 0.6193 1.1520 0.6809 0.7540
889 0.6457 1.1544 0.7381 0.8102
890 0.6939 1.1643 0.7691 0.8463
891 0.7655 1.1836 0.8600 0.9383
892 0.8106 1.1841 0.8910 0.9699
893 0.8893 1.1992 0.9932 1.0780
894 0.9003 1.1844 0.9674 1.0632
895 0.8343 1.1501 0.8851 0.9858
896 0.8825 1.1521 0.9184 1.0213
897 0.8360 1.1163 0.8612 0.9630
898 0.7700 1.1122 0.7494 0.8679
899 0.7745 1.1364 0.7646 0.8764
900 0.6994 1.1271 0.6994 0.8006
901 0.6969 1.1428 0.7095 0.7974
902 0.6398 1.1368 0.6502 0.7291
903 0.6333 1.1458 0.6503 0.7269
904 0.6304 1.1415 0.6287 0.6893
905 0.6380 1.1463 0.6345 0.6994
906 0.7036 1.1762 0.6963 0.7428
907 0.7094 1.1833 0.7032 0.7465
908 0.7544 1.2042 0.7392 0.7790
909 0.7520 1.1995 0.7375 0.7765
910 0.8372 1.2258 0.8217 0.8601
911 0.8994 1.2417 0.8895 0.9227
912 0.9379 1.2521 0.9036 0.9714
913 0.8342 1.2235 0.8016 0.8571
914 0.8095 1.2362 0.8079 0.8516
915 0.8846 1.2507 0.8768 0.9265
916 0.8697 1.2295 0.8473 0.8852
917 0.8266 1.2090 0.8197 0.8484
918 0.8522 1.3147 0.8863 0.9130
919 0.8251 1.2287 0.8501 0.8874
920 0.7345 1.1685 0.7455 0.7785
921 0.6439 1.1404 0.6765 0.7041
922 0.5872 1.1223 0.6033 0.6435
923 0.5010 1.0855 0.5289 0.5644
924 0.4967 1.1038 0.5081 0.5558
925 0.4328 1.0914 0.4535 0.5151
926 0.4269 1.0745 0.4624 0.5302
927 0.3728 1.0590 0.4495 0.5233
928 0.4061 1.0510 0.4971 0.5692
929 0.4338 1.0434 0.5579 0.6255
930 0.5166 1.0613 0.6337 0.7191
931 0.5826 1.0782 0.7393 0.8151
932 0.6811 1.0999 0.8279 0.9204
933 0.7433 1.1287 0.9318 1.0163
934 0.8591 1.1572 1.0154 1.1097
935 0.9140 1.1638 1.0431 1.1452
936 1.0326 1.2013 1.1540 1.2429
937 1.0931 1.2479 1.1976 1.3502
938 1.1850 1.3349 1.3066 1.5216
939 1.1195 1.2825 1.1958 1.4504
940 0.9906 1.1765 1.2346 1.2988
941 0.9973 1.0943 1.2732 1.2927
942 0.8692 1.0299 1.1368 1.1515
943 0.7441 1.0134 0.9518 1.0001
944 0.7068 1.0549 0.8859 0.9783
945 0.6244 1.0469 0.7672 0.8637
946 0.5334 1.0346 0.6914 0.7639
947 0.4451 1.0121 0.5998 0.6655
948 0.3741 1.0133 0.5212 0.5823
949 0.3365 1.0215 0.4561 0.5272
950 0.3167 1.0306 0.4162 0.4890
951 0.3711 1.0623 0.4145 0.4839
952 0.4016 1.0715 0.4455 0.4912
953 0.4748 1.1021 0.5064 0.5353
954 0.5109 1.1098 0.5550 0.5807
955 0.6006 1.1407 0.6276 0.6682
956 0.6473 1.1602 0.7021 0.7348
957 0.7497 1.1792 0.8043 0.8442
958 0.8240 1.1771 0.8997 0.9375
959 0.9011 1.1977 1.0105 1.0478
960 0.9566 1.2332 1.1409 1.2005
961 1.0025 1.2651 1.1592 1.1781
962 1.0415 1.4164 1.2010 1.3185
963 1.0122 1.5194 1.1762 1.3353
964 1.0391 1.4330 1.1845 1.3332
965 0.9762 1.3255 1.0428 1.1525
966 0.9871 1.3734 1.0726 1.1779
967 0.9630 1.3203 1.0233 1.1400
968 0.9848 1.2738 1.0311 1.1432
969 1.0319 1.3279 1.0994 1.2046
970 1.0154 1.3433 1.0739 1.1926
971 1.0103 1.2762 1.0396 1.1623
972 1.0591 1.2861 1.1102 1.2202
973 1.0683 1.3491 1.1321 1.2527
974 1.0441 1.3146 1.0687 1.2048
975 1.0745 1.2636 1.0914 1.2153
976 1.1184 1.3155 1.1691 1.2879
977 1.1038 1.3470 1.1382 1.2795
978 1.0971 1.2831 1.0885 1.2340
979 1.1429 1.2779 1.1636 1.2867
980 1.1615 1.3474 1.2019 1.3365
981 1.1468 1.3296 1.1398 1.3006
982 1.1688 1.2742 1.1511 1.2925
983 1.2114 1.3142 1.2351 1.3602
984 1.2234 1.3730 1.2548 1.3965
985 1.2254 1.3310 1.2163 1.3694
986 1.2530 1.3004 1.2510 1.3812
987 1.2879 1.3681 1.3263 1.4490
988 1.2914 1.3931 1.3095 1.4599
989 1.3035 1.3424 1.2943 1.4421
990 1.3527 1.3718 1.3606 1.4837
991 1.3647 1.4369 1.3775 1.5183
992 1.3444 1.4197 1.3368 1.4866
993 1.3770 1.3914 1.3521 1.5037
994 1.4246 1.4573 1.4088 1.5618
995 1.4331 1.4845 1.3758 1.5556
996 1.4091 1.4614 1.3335 1.5226
997 1.4546 1.4752 1.3522 1.5611
998 1.4366 1.4770 1.3757 1.5951
999 1.4951 1.4761 1.4114 1.6834
1000 1.4921 1.4823 1.4366 1.7333
1001 1.4264 1.5132 1.5265 1.8094
1002 1.4871 1.5469 1.6080 1.8391
1003 1.5078 1.5525 1.6666 1.8678
1004 1.5539 1.6897 1.8216 1.8401
1005 1.6450 1.7649 1.9890 1.8271
1006 1.7129 1.9313 2.1242 1.9316
1007 1.7536 2.1305 2.2481 2.0549
1008 1.8165 2.3162 2.3967 2.2103
1009 1.2615 1.1475 1.2221 1.1116
1010 1.1460 1.0466 1.0689 1.0734
1011 0.9753 0.9594 0.9547 1.0208
1012 0.9298 0.8822 0.8453 0.9517
1013 0.9140 0.8633 0.8361 0.9427
1014 0.9490 0.9123 0.9077 0.9875
1015 0.9454 0.8879 0.8988 0.9681
1016 0.8893 0.8062 0.8044 0.8968
1017 0.8639 0.7609 0.7847 0.8783
1018 0.9222 0.8057 0.8383 0.9299
1019 0.8953 0.7457 0.7982 0.8927
1020 0.8533 0.7108 0.7385 0.8610
1021 0.8145 0.6990 0.7019 0.8455
1022 0.7378 0.6209 0.6309 0.7688
1023 0.7774 0.6575 0.6769 0.7920
1024 0.8194 0.7252 0.7224 0.8480
1025 0.7601 0.6787 0.6538 0.7976
1026 0.7378 0.6407 0.6296 0.7591
1027 0.8056 0.7194 0.7036 0.8160
1028 0.8043 0.7621 0.7193 0.8346
1029 0.7763 0.7631 0.7010 0.8290
1030 0.8495 0.8447 0.7825 0.9093
1031 0.8590 0.8208 0.7795 0.9071
1032 0.8591 0.8174 0.7775 0.9222
1033 0.8772 0.8108 0.7835 0.9349
1034 0.9398 0.8702 0.8328 0.9950
1035 0.9204 0.8294 0.8016 0.9698
1036 0.9964 0.9375 0.8527 1.0534
1037 1.0457 0.9546 0.8886 1.0940
1038 1.1163 0.9969 0.9724 1.2006
1039 1.1030 1.0057 1.0061 1.1866
1040 1.1579 1.0704 1.1354 1.2348
1041 1.1451 1.0605 1.2178 1.2105
1042 1.1116 1.0286 1.1689 1.1542
1043 1.0901 1.0091 1.0764 1.1367
1044 1.0319 0.9388 0.9674 1.0634
1045 0.9825 0.8928 0.8796 1.0180
1046 0.9272 0.8572 0.8434 0.9697
1047 0.9615 0.9214 0.8900 1.0089
1048 0.9569 0.9419 0.8888 1.0124
1049 0.9528 0.9357 0.8629 1.0182
1050 1.0329 1.0235 0.9448 1.0942
1051 1.0641 1.0462 0.9790 1.1204
1052 1.0353 0.9941 0.9340 1.0931
1053 1.0715 1.0355 0.9563 1.1307
1054 1.1484 1.1207 1.0388 1.2016
1055 1.1518 1.1055 1.0353 1.1997
1056 1.1414 1.0890 1.0124 1.1919
1057 1.0538 0.9963 0.9378 1.1118
1058 1.0224 0.9650 0.9127 1.0952
1059 0.9658 0.9240 0.8626 1.0497
1060 0.9069 0.8771 0.7963 1.0155
1061 0.9148 0.8632 0.8077 0.9996
1062 0.8905 0.8429 0.7997 0.9668
1063 0.8109 0.7559 0.7226 0.8906
1064 0.7846 0.7528 0.7051 0.8688
1065 0.7122 0.6879 0.6270 0.8007
1066 0.7158 0.7280 0.6457 0.8142
1067 0.6596 0.6960 0.6112 0.7557
1068 0.6325 0.6998 0.5986 0.7415
1069 0.5814 0.6871 0.5892 0.6910
1070 0.5545 0.6673 0.5766 0.6573
1071 0.5151 0.6768 0.5836 0.6277
1072 0.4373 0.6102 0.5309 0.5514
1073 0.4307 0.6603 0.5531 0.5406
1074 0.5055 0.7503 0.6082 0.6289
1075 0.5307 0.8074 0.6698 0.6493
1076 0.5835 0.8956 0.7430 0.7158
1077 0.6007 0.9266 0.7760 0.7242
1078 0.6115 0.9678 0.8149 0.7358
1079 0.6742 1.0572 0.8990 0.8079
1080 0.6737 1.0663 0.9024 0.7968
1081 0.6438 1.0387 0.8572 0.7491
1082 0.5717 1.0441 0.8648 0.7472
1083 0.5426 1.0532 0.8572 0.7256
1084 0.5634 1.0248 0.8197 0.6501
1085 0.4746 0.9360 0.7492 0.6260
1086 0.4534 0.9199 0.7578 0.6287
1087 0.5014 0.8632 0.7051 0.5921
1088 0.5401 0.8997 0.7426 0.6432
1089 0.5297 0.8696 0.7085 0.6441
1090 0.5684 0.8941 0.7236 0.6747
1091 0.5357 0.8363 0.6706 0.6430
1092 0.5353 0.8098 0.6748 0.6470
1093 0.5077 0.7497 0.6251 0.6165
1094 0.4303 0.6891 0.5703 0.5311
1095 0.3997 0.6166 0.5130 0.5020
1096 0.4493 0.6118 0.5209 0.5479
1097 0.4565 0.5663 0.4943 0.5480
1098 0.5037 0.5918 0.5147 0.6015
1099 0.5468 0.5839 0.5155 0.6376
1100 0.5835 0.6064 0.5435 0.6597
1101 0.6322 0.6142 0.5716 0.6955
1102 0.6501 0.6079 0.5702 0.6933
1103 0.6745 0.6672 0.6071 0.7161
1104 0.6841 0.7058 0.6339 0.7428
1105 0.6639 0.7309 0.6400 0.7307
1106 0.6516 0.7501 0.6445 0.7350
1107 0.6502 0.7889 0.6736 0.7514
1108 0.6123 0.7772 0.6627 0.7154
1109 0.6258 0.8370 0.7058 0.7334
1110 0.5911 0.8322 0.6868 0.7001
1111 0.6307 0.8998 0.7442 0.7372
1112 0.6270 0.9236 0.7459 0.7296
1113 0.6632 0.9794 0.8030 0.7687
1114 0.6795 1.0001 0.8179 0.7729
1115 0.6858 1.0233 0.8457 0.7800
1116 0.7626 1.1153 0.9258 0.8353
1117 0.7512 1.1288 0.9357 0.8222
1118 0.6683 1.0544 0.8527 0.7447
1119 0.6522 1.0597 0.8435 0.7151
1120 0.6821 1.0938 0.8536 0.7409
1121 0.6671 1.0955 0.8266 0.7181
1122 0.7390 1.1514 0.8704 0.7817
1123 0.7391 1.1454 0.8515 0.7757
1124 0.8159 1.2098 0.9103 0.8505
1125 0.8185 1.2060 0.8973 0.8576
1126 0.8938 1.2867 0.9855 0.9460
1127 0.9459 1.3140 0.9867 0.9990
1128 1.0024 1.3696 1.0414 1.0518
1129 1.0416 1.3996 1.0525 1.0904
1130 1.1537 1.5066 1.1584 1.2087
1131 1.1875 1.5393 1.2169 1.2646
1132 1.1367 1.5112 1.2141 1.2205
1133 1.2203 1.5928 1.3152 1.3192
1134 1.3053 1.6658 1.4250 1.4310
1135 1.2064 1.5808 1.3361 1.3160
1136 1.1505 1.5375 1.2675 1.2080
1137 1.2921 1.6252 1.3170 1.2164
1138 1.2938 1.6013 1.3005 1.2107
1139 1.1531 1.5108 1.2080 1.1313
1140 1.1306 1.5434 1.1965 1.0966
1141 1.1297 1.5232 1.2258 1.1099
1142 1.0736 1.4571 1.1825 1.0788
1143 0.9814 1.3852 1.1111 1.0259
1144 1.0123 1.4404 1.1754 1.0822
1145 1.0573 1.4663 1.1981 1.1063
1146 0.9797 1.3812 1.1069 1.0203
1147 0.9190 1.3533 1.0870 0.9817
1148 0.9889 1.4238 1.1608 1.0506
1149 0.9929 1.4052 1.1402 1.0521
1150 0.8857 1.3157 1.0511 0.9516
1151 0.8606 1.3457 1.0798 0.9522
1152 0.8705 1.3436 1.1206 0.9901
1153 0.8457 1.2563 1.0333 0.9215
1154 0.8002 1.1730 0.9704 0.8499
1155 0.8130 1.1474 0.9598 0.8409
1156 0.7301 1.1353 0.9358 0.7925
1157 0.7523 1.1768 0.9395 0.8031
1158 0.7351 1.1576 0.9114 0.7698
1159 0.7882 1.2103 0.9376 0.8183
1160 0.7884 1.1984 0.9168 0.8010
1161 0.8251 1.2207 0.9183 0.8348
1162 0.8127 1.2029 0.8930 0.8247
1163 0.8650 1.2405 0.9310 0.8866
1164 0.8588 1.2171 0.9029 0.8818
1165 0.9023 1.2488 0.9260 0.9383
1166 0.8489 1.1797 0.8407 0.8729
1167 0.8196 1.1355 0.7942 0.8316
1168 0.9054 1.2034 0.8621 0.9089
1169 0.9030 1.1775 0.8261 0.8972
1170 0.9531 1.2208 0.8526 0.9686
1171 0.9616 1.2404 0.8605 1.0099
1172 0.9556 1.2476 0.8823 1.0062
1173 1.0098 1.3103 0.9459 1.0479
1174 1.1046 1.3996 1.0168 1.1428
1175 1.1173 1.3965 1.0117 1.1562
1176 1.2097 1.4748 1.0748 1.2366
1177 1.2814 1.5472 1.1615 1.3064
1178 1.2608 1.5260 1.1614 1.2900
1179 1.2789 1.5758 1.2252 1.3191
1180 1.2159 1.5210 1.1617 1.2562
1181 1.1513 1.4450 1.0997 1.1863
1182 1.1921 1.4874 1.1466 1.2060
1183 1.2183 1.5277 1.1712 1.2395
1184 1.1777 1.4871 1.1245 1.2086
1185 1.2548 1.5775 1.2038 1.2956
1186 1.3104 1.6236 1.2524 1.3617
1187 1.3634 1.6636 1.2906 1.4234
1188 1.3667 1.7104 1.3176 1.4342
1189 1.4338 1.8056 1.3863 1.5026
1190 1.3716 1.7367 1.3538 1.4209
1191 1.3054 1.6524 1.2887 1.3430
1192 1.2078 1.5503 1.1974 1.2302
1193 1.1321 1.4635 1.1214 1.1358
1194 1.0842 1.3881 1.0484 1.0688
1195 1.0016 1.2987 0.9615 0.9821
1196 0.9163 1.2299 0.9130 0.8987
1197 0.8264 1.1530 0.8357 0.8109
1198 0.7913 1.1482 0.8229 0.7916
1199 0.8121 1.1812 0.8697 0.8036
1200 0.7838 1.1599 0.8591 0.7624
1201 0.8541 1.2407 0.9431 0.8404
1202 0.8240 1.2237 0.9379 0.8168
1203 0.7306 1.1432 0.8704 0.7357
1204 0.7033 1.1275 0.8678 0.7313
1205 0.7520 1.1770 0.9343 0.7693
1206 0.7852 1.2057 0.9774 0.8037
1207 0.8634 1.2856 1.0511 0.8703
1208 0.9298 1.3551 1.1076 0.9612
1209 1.0056 1.4344 1.1807 1.0172
1210 0.9593 1.3787 1.1180 0.9510
1211 0.9479 1.3638 1.0891 0.9553
1212 1.0397 1.4690 1.1791 1.0676
1213 1.0594 1.4868 1.1966 1.0748
1214 0.9996 1.4150 1.1226 1.0123
1215 1.0297 1.4464 1.1425 1.0623
1216 1.1142 1.5420 1.2336 1.1586
1217 1.0917 1.5116 1.1968 1.1253
1218 1.0702 1.4688 1.1376 1.1015
1219 1.1300 1.5196 1.1681 1.1728
1220 1.1129 1.4816 1.1334 1.1604
1221 1.0827 1.4260 1.0750 1.1062
1222 1.0985 1.4293 1.0602 1.1300
1223 1.0494 1.3541 0.9935 1.0646
1224 1.0514 1.3768 0.9815 1.0766
1225 1.0083 1.3267 0.9475 1.0351
1226 1.0201 1.3419 0.9806 1.0443
1227 0.9144 1.2439 0.8832 0.9556
1228 0.8766 1.2127 0.8525 0.8945
1229 0.7919 1.1306 0.7846 0.8262
1230 0.7677 1.1246 0.7770 0.8057
1231 0.6754 1.0295 0.6866 0.7051
1232 0.6678 1.0183 0.6793 0.6799
1233 0.7078 1.0762 0.7432 0.7291
1234 0.6558 1.0330 0.7050 0.6881
1235 0.5759 0.9523 0.6224 0.5952
1236 0.5977 0.9833 0.6582 0.6111
1237 0.6177 1.0169 0.7030 0.6470
1238 0.5413 0.9411 0.6338 0.5744
1239 0.4828 0.8803 0.5776 0.5062
1240 0.5241 0.9308 0.6362 0.5441
1241 0.4818 0.9001 0.6287 0.5103
1242 0.5123 0.9350 0.6822 0.5310
1243 0.5918 1.0083 0.7365 0.6122
1244 0.6180 1.0330 0.7594 0.6456
1245 0.5847 1.0156 0.7551 0.6184
1246 0.5355 0.9651 0.7058 0.5866
1247 0.4936 0.9091 0.6975 0.5651
1248 0.4043 0.8234 0.6359 0.5039
1249 0.4541 0.9136 0.6790 0.5541
1250 0.5566 0.9810 0.7357 0.6299
1251 0.6030 1.0162 0.7602 0.6773
1252 0.6004 1.0214 0.7487 0.6700
1253 0.6861 1.0883 0.8074 0.7426
1254 0.6987 1.0982 0.7988 0.7521
1255 0.7899 1.1790 0.8713 0.8404
1256 0.8164 1.1891 0.8711 0.8630
1257 0.9149 1.2759 0.9517 0.9464
1258 0.9574 1.2941 0.9559 0.9859
1259 1.0242 1.3526 1.0121 1.0519
1260 0.9609 1.2826 0.9443 0.9946
1261 0.8690 1.1988 0.8496 0.9156
1262 0.7966 1.1379 0.7807 0.8353
1263 0.7464 1.0744 0.7172 0.7754
1264 0.6613 0.9853 0.6347 0.6815
1265 0.5889 0.8952 0.5428 0.5966
1266 0.6038 0.8909 0.5449 0.6133
1267 0.7297 0.9816 0.6336 0.7150
1268 0.7241 0.9743 0.6244 0.6987
1269 0.7313 0.9436 0.5884 0.6793
1270 0.8179 1.0503 0.6578 0.7748
1271 0.8198 1.0620 0.6772 0.8015
1272 0.7849 0.9730 0.6325 0.7435
1273 0.7180 0.9275 0.5942 0.6670
1274 0.6859 0.8325 0.5117 0.5782
1275 0.5669 0.7997 0.4829 0.5250
1276 0.4995 0.7828 0.4535 0.4744
1277 0.4906 0.8206 0.4812 0.4909
1278 0.4354 0.7874 0.4411 0.4411
1279 0.4465 0.8124 0.4798 0.4596
1280 0.4585 0.8250 0.5082 0.4621
1281 0.5230 0.8970 0.5893 0.5275
1282 0.5983 0.9526 0.6427 0.5947
1283 0.6550 1.0267 0.7250 0.6721
1284 0.7207 1.0802 0.7905 0.7443
1285 0.7747 1.1362 0.8646 0.8131
1286 0.8376 1.2008 0.9154 0.8593
1287 0.7827 1.1544 0.8631 0.7924
1288 0.7896 1.1506 0.8410 0.7899
1289 0.7203 1.0768 0.7549 0.7172
1290 0.7208 1.0557 0.7408 0.7112
1291 0.6703 0.9932 0.6678 0.6588
1292 0.7215 1.0420 0.7100 0.7158
1293 0.7543 1.0444 0.7069 0.7461
1294 0.6808 0.9581 0.6368 0.6645
1295 0.6094 0.9066 0.5747 0.5997
1296 0.6094 0.9085 0.5662 0.6068
1297 0.6186 0.9438 0.5935 0.6278
1298 0.5469 0.8900 0.5444 0.5591
1299 0.5224 0.8557 0.5135 0.5385
1300 0.5423 0.8845 0.5514 0.5691
1301 0.4462 0.7995 0.4811 0.4915
1302 0.4205 0.7842 0.4638 0.4573
1303 0.4990 0.8666 0.5409 0.5264
1304 0.4815 0.8498 0.5401 0.5258
1305 0.3851 0.7687 0.4721 0.4375
1306 0.4119 0.8098 0.5067 0.4596
1307 0.4857 0.8768 0.5834 0.5378
1308 0.4328 0.8169 0.5456 0.5008
1309 0.3541 0.7569 0.4869 0.4203
1310 0.4080 0.8255 0.5523 0.4740
1311 0.4575 0.8663 0.6061 0.5417
1312 0.5398 0.9415 0.6666 0.6105
1313 0.6242 1.0096 0.7346 0.6929
1314 0.6800 1.0598 0.7657 0.7376
1315 0.7776 1.1518 0.8516 0.8349
1316 0.8311 1.1910 0.8844 0.8824
1317 0.9270 1.2829 0.9645 0.9712
1318 0.9731 1.3152 0.9847 1.0160
1319 1.0612 1.3905 1.0577 1.1028
1320 1.0938 1.4103 1.0904 1.1462
1321 1.0770 1.3861 1.0656 1.1392
1322 0.9830 1.2974 0.9789 1.0383
1323 0.9612 1.2827 0.9782 1.0207
1324 0.9297 1.2389 0.9418 0.9981
1325 0.8542 1.1722 0.8656 0.9223
1326 0.8244 1.1533 0.8527 0.8828
1327 0.8411 1.1641 0.8768 0.9074
1328 0.7805 1.0986 0.8122 0.8491
1329 0.7081 1.0454 0.7487 0.7714
1330 0.7243 1.0671 0.7808 0.7901
1331 0.7167 1.0496 0.7680 0.7911
1332 0.6322 0.9681 0.6798 0.6909
1333 0.6065 0.9540 0.6607 0.6488
1334 0.6063 0.9465 0.6658 0.6605
1335 0.6430 0.9919 0.7246 0.7049
1336 0.7016 1.0555 0.7764 0.7651
1337 0.7990 1.1497 0.8625 0.8597
1338 0.8728 1.2200 0.9197 0.9323
1339 0.9567 1.3085 0.9995 1.0090
1340 1.0418 1.3829 1.0656 1.0851
1341 1.0713 1.4107 1.0892 1.1053
1342 1.1389 1.4738 1.1781 1.1713
1343 1.1644 1.4909 1.2085 1.2010
1344 1.2090 1.5266 1.2367 1.2311
1345 1.1348 1.4669 1.1561 1.1567
1346 1.2024 1.5318 1.2001 1.2110
1347 1.1443 1.4903 1.1628 1.1648
1348 1.0540 1.4205 1.0929 1.0816
1349 1.0504 1.4188 1.1188 1.0846
1350 1.0678 1.4303 1.1234 1.1076
1351 1.0018 1.3680 1.0610 1.0493
1352 0.9172 1.3044 1.0033 0.9737
1353 0.9377 1.3244 1.0404 1.0018
1354 0.9584 1.3297 1.0423 1.0224
1355 0.8680 1.2518 0.9591 0.9409
1356 0.8190 1.2127 0.9306 0.8877
1357 0.8773 1.2470 0.9761 0.9403
1358 0.8440 1.2111 0.9424 0.9264
1359 0.7435 1.1218 0.8575 0.8318
1360 0.7662 1.1283 0.8747 0.8407
1361 0.8239 1.1689 0.9261 0.9015
1362 0.7535 1.0918 0.8399 0.8530
1363 0.6718 1.0049 0.7654 0.7730
1364 0.6300 0.9350 0.7026 0.7193
1365 0.5442 0.8404 0.6250 0.6333
1366 0.4586 0.7496 0.5500 0.5468
1367 0.3996 0.6650 0.4899 0.4814
1368 0.3245 0.5967 0.4226 0.4023
1369 0.2879 0.5239 0.3613 0.3440
1370 0.3466 0.5336 0.3939 0.4054
1371 0.3641 0.4677 0.3673 0.3973
1372 0.3944 0.4781 0.3734 0.4230
1373 0.4689 0.5046 0.4288 0.5012
1374 0.4774 0.5601 0.4700 0.5267
1375 0.5162 0.6466 0.5360 0.5853
1376 0.5451 0.7191 0.5837 0.6332
1377 0.6229 0.8086 0.6631 0.7153
1378 0.6479 0.8628 0.6987 0.7446
1379 0.7266 0.9455 0.7733 0.8289
1380 0.7456 0.9948 0.8159 0.8518
1381 0.8049 1.0582 0.8778 0.9198
1382 0.8282 1.1085 0.9093 0.9396
1383 0.9094 1.1939 0.9933 1.0290
1384 0.9424 1.2196 1.0112 1.0803
1385 0.9218 1.1668 1.0558 1.0565
1386 0.9381 1.1787 1.0146 1.0560
1387 0.8730 1.0901 0.9343 0.9772
1388 0.8535 1.0893 0.9006 0.9522
1389 0.8221 1.0314 0.8424 0.9137
1390 0.7601 0.9781 0.7871 0.8537
1391 0.7366 0.9892 0.7832 0.8292
1392 0.6636 0.9219 0.7068 0.7484
1393 0.7038 0.9927 0.7592 0.7954
1394 0.7732 1.0718 0.8414 0.8662
1395 0.8290 1.1489 0.8970 0.9272
1396 0.9061 1.2245 0.9920 0.9929
1397 0.8528 1.1683 0.9583 0.9385
1398 0.8681 1.1885 0.9994 0.9432
1399 0.7976 1.1407 0.9558 0.8854
1400 0.7666 1.1123 0.9382 0.8823
1401 0.7904 1.1128 0.9408 0.8944
1402 0.7359 1.0422 0.8783 0.8487
1403 0.7359 1.0227 0.8454 0.8488
1404 0.6990 0.9524 0.8018 0.8121
1405 0.6714 0.9109 0.7484 0.7795
1406 0.6770 0.8802 0.7334 0.7786
1407 0.6133 0.7995 0.6663 0.7133
1408 0.6344 0.7790 0.6620 0.7235
1409 0.5762 0.6939 0.5909 0.6480
1410 0.6057 0.6830 0.5893 0.6662
1411 0.5662 0.5995 0.5300 0.6176
1412 0.5949 0.5929 0.5222 0.6118
1413 0.6120 0.5567 0.5211 0.6268
1414 0.5691 0.4951 0.4762 0.5921
1415 0.4957 0.4323 0.4059 0.5056
1416 0.4872 0.3848 0.3779 0.4774
1417 0.4419 0.3700 0.3571 0.4436
1418 0.4754 0.4162 0.3869 0.5168
1419 0.4046 0.3981 0.3638 0.4329
1420 0.3541 0.4286 0.3548 0.3933
1421 0.3231 0.4897 0.3798 0.3862
1422 0.3323 0.5456 0.4027 0.3999
1423 0.3558 0.6130 0.4539 0.4346
1424 0.4268 0.6944 0.5185 0.5070
1425 0.4444 0.7566 0.5480 0.5263
1426 0.5119 0.8449 0.6299 0.6003
1427 0.5326 0.8762 0.6256 0.6208
1428 0.5375 0.9161 0.6526 0.6228
1429 0.4855 0.8790 0.6537 0.5696
1430 0.4261 0.7951 0.5864 0.5187
1431 0.4244 0.7726 0.5912 0.5074
1432 0.4109 0.7163 0.5536 0.4985
1433 0.4192 0.6721 0.5410 0.5094
1434 0.3594 0.5904 0.4732 0.4511
1435 0.3935 0.5729 0.4678 0.4745
1436 0.3806 0.5052 0.4251 0.4541
1437 0.4323 0.5071 0.4315 0.5014
1438 0.4688 0.4818 0.4344 0.5335
1439 0.5277 0.5078 0.4568 0.5865
1440 0.5920 0.5540 0.5128 0.6520
1441 0.6300 0.5501 0.5286 0.6689
1442 0.6652 0.5650 0.5569 0.7037
1443 0.7141 0.6280 0.6128 0.7580
1444 0.7075 0.6348 0.6088 0.7660
1445 0.7773 0.6823 0.6624 0.8291
1446 0.7454 0.6289 0.6258 0.7779
1447 0.7098 0.6151 0.5997 0.7614
1448 0.7708 0.6846 0.6654 0.8380
1449 0.8203 0.6888 0.6990 0.8543
1450 0.8956 0.7379 0.7539 0.9217
1451 0.9259 0.7206 0.7579 0.9121
1452 1.0397 0.7889 0.8370 1.0056
1453 1.0564 0.8392 0.8665 1.0577
1454 1.1754 0.9319 0.9523 1.1774
1455 1.1623 0.9344 0.9513 1.1627
1456 1.1125 0.8710 0.9208 1.0960
1457 1.2069 0.9322 0.9904 1.1635
1458 1.1612 0.9214 0.9914 1.2103
1459 1.1411 0.8685 0.9223 1.1314
1460 1.0682 0.8211 0.9058 1.0337
1461 0.9507 0.7576 0.8329 0.9510
1462 0.9076 0.7203 0.7708 0.9009
1463 0.9205 0.7693 0.7905 0.9462
1464 0.8490 0.7209 0.7332 0.8809
1465 0.8674 0.7528 0.7435 0.9071
1466 0.9625 0.8347 0.8221 0.9973
1467 0.9567 0.8077 0.8362 0.9741
1468 0.9657 0.7785 0.8291 0.9556
1469 0.9061 0.7006 0.7709 0.8609
1470 0.9260 0.7151 0.8137 0.8967
1471 0.8599 0.6912 0.8003 0.8824
1472 0.7729 0.6495 0.7996 0.8530
1473 0.8820 0.6898 0.8651 0.9070
1474 0.9242 0.7354 0.8840 0.9660
1475 0.9281 0.7443 0.8877 0.9645
1476 0.9725 0.7977 0.9248 1.0288
1477 1.0058 0.8327 0.9205 1.0469
1478 1.0387 0.8626 0.9452 1.0953
1479 1.0038 0.8177 0.9256 1.0507
1480 1.0603 0.8641 1.0011 1.1484
1481 1.0307 0.8132 0.9732 1.1116
1482 0.9889 0.7819 0.9423 1.0604
1483 1.0057 0.8581 0.9224 1.0152
1484 1.0011 0.8256 0.9783 1.0714
1485 1.0390 0.8920 0.9686 1.1627
1486 1.1255 0.9271 1.0462 1.2248
1487 1.2224 0.9731 1.0594 1.2374
1488 1.2429 1.0044 1.0253 1.2713
1489 1.2303 0.9022 1.0443 1.3139
1490 1.2306 0.8769 1.0080 1.2830
1491 1.1463 0.8516 1.0031 1.1873
1492 1.1246 0.8466 0.9868 1.1361
1493 1.0956 0.8044 0.9453 1.1099
1494 1.0313 0.7956 0.9016 1.0349
1495 1.0498 0.7808 0.9112 1.0356
1496 1.0699 0.7980 0.9368 1.0727
1497 1.1526 0.7868 0.9998 1.1170
1498 1.2282 0.7753 1.0324 1.1652
1499 1.2188 0.7578 0.9959 1.0779
1500 1.0987 0.7698 0.9293 1.0222
1501 1.0229 0.7717 0.8853 0.9672
1502 1.0084 0.7799 0.8829 0.9703
1503 0.9518 0.7993 0.8334 0.9214
1504 0.9368 0.7955 0.8167 0.8834
1505 0.9155 0.8058 0.8005 0.8548
1506 0.8720 0.8453 0.7529 0.8063
1507 0.8893 0.8442 0.7765 0.8515
1508 0.9265 0.8406 0.8203 0.9125
1509 0.9853 0.8217 0.8691 0.9811
1510 0.9910 0.8410 0.8851 1.0079
1511 1.0469 0.8399 0.9369 1.0819
1512 1.0595 0.8302 0.9391 1.0836
1513 0.9706 0.8298 0.8803 0.9907
1514 0.9369 0.8256 0.8284 0.9355
1515 0.8888 0.8530 0.7830 0.8814
1516 0.8532 0.8639 0.7400 0.8153
1517 0.8268 0.8798 0.7125 0.7611
1518 0.7840 0.8960 0.6698 0.7026
1519 0.7529 0.9222 0.6374 0.6435
1520 0.7092 0.9505 0.5879 0.5919
1521 0.7055 0.9424 0.5545 0.5661
1522 0.7244 0.9672 0.5782 0.6281
1523 0.7491 0.9211 0.6210 0.6905
1524 0.7949 0.8849 0.6714 0.7353
1525 0.8126 0.8644 0.6881 0.7731
1526 0.8743 0.8485 0.7483 0.8539
1527 0.9286 0.8274 0.8106 0.9420
1528 0.9400 0.8149 0.8207 0.9245
1529 0.8879 0.8341 0.7648 0.8468
1530 0.8939 0.8347 0.7655 0.8431
1531 0.8386 0.8618 0.7083 0.7790
1532 0.7935 0.8881 0.6481 0.7458
1533 0.7528 0.9230 0.5967 0.7084
1534 0.7513 0.9172 0.5904 0.6936
1535 0.7803 0.8936 0.6256 0.7187
1536 0.7756 0.9107 0.6220 0.7255
1537 0.7739 0.9274 0.6223 0.7277
1538 0.7493 0.9600 0.5733 0.7152
1539 0.7495 0.9975 0.5877 0.7271
1540 0.7435 1.0108 0.5670 0.7174
1541 0.7470 1.0056 0.5710 0.7064
1542 0.7032 0.9986 0.5399 0.6721
1543 0.7319 0.9749 0.5745 0.6960
1544 0.7122 0.9824 0.5843 0.7032
1545 0.6948 1.0135 0.5633 0.6984
1546 0.6544 1.0498 0.5348 0.6798
1547 0.6354 1.0879 0.5611 0.6812
1548 0.6755 1.0238 0.6061 0.7002
1549 0.6819 0.9919 0.6079 0.6932
1550 0.7232 0.9444 0.6149 0.7000
1551 0.7494 0.9293 0.6552 0.7206
1552 0.8025 0.8787 0.6947 0.7473
1553 0.8059 0.8688 0.6906 0.7490
1554 0.7916 0.9052 0.6862 0.7500
1555 0.7398 0.9453 0.6416 0.7281
1556 0.7166 0.9793 0.6459 0.7199
1557 0.6949 1.0179 0.6358 0.7161
1558 0.6547 1.0550 0.6261 0.7098
1559 0.6750 1.0953 0.6620 0.7508
1560 0.6902 1.0954 0.6618 0.7563
1561 0.6995 1.0614 0.6342 0.7333
1562 0.7426 1.0133 0.6601 0.7384
1563 0.7794 0.9713 0.6641 0.7515
1564 0.7936 0.9346 0.6553 0.7579
1565 0.7585 0.9663 0.6285 0.7293
1566 0.7303 1.0028 0.6240 0.7258
1567 0.7352 1.0218 0.6165 0.7368
1568 0.7550 1.0327 0.6394 0.7479
1569 0.7360 1.0815 0.6381 0.7588
1570 0.7404 1.0720 0.6411 0.6979
1571 0.7631 1.1367 0.6657 0.7193
1572 0.7015 1.1543 0.6181 0.6519
1573 0.8013 1.2116 0.7138 0.7201
1574 0.7723 1.1869 0.6831 0.7208
1575 0.6754 1.1607 0.6303 0.6462
1576 0.7239 1.2152 0.6790 0.6397
1577 0.7534 1.2444 0.7319 0.6447
1578 0.8386 1.3103 0.8292 0.6849
1579 0.7749 1.3082 0.8016 0.6460
1580 0.7116 1.2851 0.7425 0.6245
1581 0.6317 1.2132 0.6668 0.5772
1582 0.5960 1.1639 0.6130 0.5769
1583 0.5991 1.1486 0.6116 0.5872
1584 0.5794 1.1853 0.6557 0.5760
1585 0.6068 1.1461 0.6340 0.5510
1586 0.4889 1.1223 0.6028 0.5631
1587 0.5222 1.0846 0.5626 0.5751
1588 0.5292 1.0624 0.5496 0.5866
1589 0.5855 1.0764 0.5575 0.6129
1590 0.6117 1.0438 0.5631 0.6535
1591 0.6988 1.0580 0.5986 0.6856
1592 0.7234 1.1130 0.6174 0.6755
1593 0.6963 1.1009 0.6070 0.6742
1594 0.6236 1.0917 0.5781 0.6341
1595 0.5685 1.0478 0.5497 0.6307
1596 0.5165 1.0417 0.5125 0.5979
1597 0.4397 1.0112 0.4963 0.5726
1598 0.4030 1.0191 0.4859 0.5461
1599 0.3998 0.9715 0.4743 0.5582
1600 0.4592 1.0359 0.4823 0.5796
1601 0.5028 1.0670 0.5074 0.5862
1602 0.5976 1.0962 0.5810 0.6544
1603 0.6822 1.1362 0.6521 0.6957
1604 0.7242 1.1540 0.6782 0.7099
1605 0.6451 1.1525 0.6220 0.6498
1606 0.5889 1.1190 0.5699 0.6182
1607 0.6198 1.1622 0.6038 0.6230
1608 0.6165 1.1438 0.6007 0.6409
1609 0.5309 1.1072 0.5310 0.5880
1610 0.5444 1.1196 0.5441 0.6008
1611 0.4573 1.0866 0.4699 0.5371
1612 0.4158 1.0736 0.4568 0.4996
1613 0.3928 1.0727 0.4639 0.4872
1614 0.4406 1.0931 0.5078 0.5266
1615 0.4896 1.1034 0.5844 0.5449
1616 0.5124 1.0986 0.6313 0.5785
1617 0.4117 1.0715 0.5781 0.5228
1618 0.3759 1.0713 0.5845 0.4974
1619 0.4739 1.0971 0.6696 0.5529
1620 0.4924 1.0884 0.7119 0.5993
1621 0.5146 1.0831 0.7948 0.6000
1622 0.5806 1.0908 0.8788 0.6555
1623 0.6330 1.0938 0.9008 0.7252
1624 0.6264 1.0809 0.9142 0.7464
1625 0.6465 1.0817 0.9869 0.8143
1626 0.7143 1.0961 1.0519 0.8820
1627 0.7813 1.1004 1.0718 0.9203
1628 0.8612 1.1057 1.1017 0.9678
1629 0.9254 1.1060 1.1425 1.0089
1630 0.8763 1.0459 1.0667 0.8939
1631 0.9645 1.0094 1.0524 0.8494
1632 0.9677 1.0450 1.0014 0.8260
1633 0.9706 1.0475 1.0116 0.8770
1634 0.9549 1.0085 1.0483 0.9943
1635 0.9858 1.0287 1.0581 1.0422
1636 0.8327 1.0190 1.0048 0.9476
1637 0.7930 1.1660 0.9838 0.8515
1638 0.6790 1.1171 0.9304 0.7969
1639 0.6304 1.0940 0.8866 0.7053
1640 0.5660 1.0989 0.8768 0.6590
1641 0.5819 1.1281 0.8287 0.6555
1642 0.4884 1.1310 0.7436 0.5809
1643 0.5227 1.1352 0.7933 0.5820
1644 0.6014 1.1569 0.8983 0.6378
1645 0.6615 1.1482 0.9395 0.6951
1646 0.7685 1.1710 1.0407 0.8070
1647 0.7848 1.1592 1.0554 0.8503
1648 0.8879 1.1989 1.1745 0.9844
1649 0.9598 1.2016 1.2269 1.0596
1650 1.0373 1.2383 1.2712 1.1459
1651 1.1487 1.2612 1.3600 1.2571
1652 1.0514 1.2817 1.2440 1.2126
1653 0.9905 1.2672 1.1601 1.1178
1654 1.0299 1.3059 1.2210 1.1872
1655 1.0275 1.3060 1.1723 1.1561
1656 0.9255 1.2474 1.0506 1.0362
1657 0.9522 1.2986 1.0534 1.0667
1658 0.9547 1.2832 1.0771 1.0882
1659 0.9074 1.2712 1.0171 1.0224
1660 0.8506 1.2184 0.9358 0.9338
1661 0.7310 1.1736 0.8208 0.7942
1662 0.7490 1.1654 0.8450 0.8012
1663 0.6457 1.1245 0.7445 0.7118
1664 0.6522 1.1176 0.7570 0.7218
1665 0.6224 1.1066 0.7376 0.6797
1666 0.6780 1.1065 0.8093 0.7327
1667 0.7380 1.1014 0.8873 0.7889
1668 0.7989 1.1031 0.9583 0.8470
1669 0.8910 1.1078 1.0645 0.9574
1670 0.8232 1.1163 0.9723 0.8735
1671 0.8437 1.1254 1.0032 0.9170
1672 0.7764 1.1342 0.9223 0.8531
1673 0.7749 1.1349 0.9234 0.8430
1674 0.7732 1.1542 0.9074 0.8510
1675 0.7498 1.1579 0.9001 0.8033
1676 0.7640 1.1764 0.9052 0.8299
1677 0.6822 1.1671 0.8317 0.7801
1678 0.7673 1.2060 0.8443 0.8517
1679 0.8275 1.1999 0.9560 0.9071
1680 0.9207 1.1438 1.0659 0.9648
1681 0.9396 1.2042 1.1864 1.0700
1682 0.8827 1.1855 1.1731 1.1307
1683 0.8238 1.1247 1.1918 1.0956
1684 0.8157 1.0777 1.1136 0.9475
1685 0.7526 1.1632 0.9701 0.8426
1686 0.7818 1.1879 1.0368 0.8695
1687 0.7342 1.1730 0.9764 0.8115
1688 0.8319 1.1932 1.0531 0.9114
1689 0.8301 1.1698 1.0383 0.9135
1690 0.9255 1.1874 1.1249 1.0233
1691 1.0038 1.1927 1.2525 1.1311
1692 1.0140 1.1901 1.2430 1.1479
1693 0.9185 1.1586 1.1144 1.0290
1694 0.9246 1.1773 1.1117 1.0441
1695 0.9376 1.1604 1.1137 1.0507
1696 0.9484 1.1414 1.0482 1.0260
1697 0.9783 1.1258 1.1706 1.0988
1698 0.9492 1.1255 1.1567 1.0951
1699 0.9753 1.1401 1.0920 1.1197
1700 1.0098 1.1391 1.0944 1.1034
1701 1.0143 1.1376 1.1511 1.1695
1702 1.0580 1.1495 1.2542 1.2651
1703 1.0833 1.1975 1.3128 1.3201
1704 1.0547 1.2129 1.2183 1.2535
1705 1.0603 1.1840 1.1942 1.2375
1706 1.1144 1.2110 1.3163 1.3318
1707 1.1146 1.2646 1.3138 1.3409
1708 1.0866 1.2529 1.2029 1.2725
1709 1.1181 1.2262 1.2429 1.3028
1710 1.1595 1.2860 1.3509 1.3878
1711 1.1375 1.3253 1.2942 1.3591
1712 1.1335 1.2908 1.2245 1.3163
1713 1.1858 1.3127 1.3291 1.3975
1714 1.1957 1.3861 1.3863 1.4489
1715 1.1695 1.3960 1.3171 1.4065
1716 1.1918 1.3665 1.3141 1.4087
1717 1.2405 1.4162 1.4153 1.4976
1718 1.2431 1.4868 1.4430 1.5331
1719 1.2273 1.4622 1.3832 1.4911
1720 1.2659 1.4452 1.4173 1.5212
1721 1.3034 1.5295 1.5127 1.6126
1722 1.2843 1.5701 1.4946 1.6066
1723 1.2802 1.5202 1.4400 1.5640
1724 1.3274 1.5396 1.5130 1.6277
1725 1.3441 1.6311 1.5811 1.6968
1726 1.3212 1.6279 1.5223 1.6585
1727 1.3362 1.5754 1.5023 1.6455
1728 1.3781 1.6425 1.6031 1.7327
1729 1.3750 1.7197 1.6245 1.7682
1730 1.3606 1.6762 1.5535 1.7158
1731 1.4022 1.6611 1.5987 1.7478
1732 1.4387 1.7689 1.6961 1.8411
1733 1.4247 1.7968 1.6597 1.8281
1734 1.4358 1.7363 1.6159 1.7871
1735 1.4874 1.7855 1.7127 1.8624
1736 1.5072 1.8834 1.7674 1.9320
1737 1.5002 1.8569 1.7047 1.8893
1738 1.5351 1.8271 1.7215 1.8869
1739 1.5813 1.9266 1.8330 1.9854
1740 1.5914 1.9885 1.8355 2.0103
1741 1.6033 1.9331 1.7807 1.9613
1742 1.6530 1.9611 1.8575 2.0098
1743 1.6884 2.0784 1.9496 2.1037
1744 1.7018 2.0926 1.9198 2.0927
1745 1.7305 2.0451 1.9066 2.0694
1746 1.7764 2.1258 2.0184 2.1589
1747 1.8058 2.2317 2.0656 2.2194
1748 1.8222 2.1852 2.0131 2.1812
1749 1.8617 2.1965 2.0536 2.2078
1750 1.9108 2.3449 2.1648 2.2996
1751 1.9446 2.4035 2.1849 2.3524
1752 1.9699 2.4156 2.1575 2.4143
1753 2.0623 2.2835 2.2008 2.5117
1754 2.0889 2.3195 2.1757 2.5160
1755 2.0290 2.3149 2.1614 2.4580
1756 2.0729 2.1424 2.1836 2.5526
1757 2.1727 2.1084 2.1276 2.6241
1758 2.1554 2.1907 2.0442 2.5972
1759 2.0643 2.1969 2.0557 2.6765
1760 2.0407 2.1411 2.0620 2.7376
1761 2.0382 2.0929 2.1558 2.8151
1762 2.1213 2.1594 2.1545 2.9454
1763 2.2141 2.1434 2.3067 3.0097
1764 2.2428 2.1567 2.3623 3.1289
1765 2.1863 2.1880 2.4468 3.1688
1766 2.1488 2.1753 2.4818 3.2708
1767 2.2093 2.2654 2.6181 3.3685
1768 2.2369 2.2578 2.6625 3.4309
1769 2.3650 2.3265 2.6816 3.5605
1770 2.5046 2.3630 2.7256 3.6979
