1 0.5936 0.5060 0.6057 0.6433
2 0.5292 0.4600 0.5241 0.5930
3 0.4550 0.4341 0.4630 0.5901
4 0.3959 0.3874 0.4096 0.5425
5 0.3749 0.3792 0.3988 0.5424
6 0.3751 0.3669 0.3869 0.4981
7 0.4205 0.3869 0.4185 0.5030
8 0.4291 0.4161 0.4106 0.5521
9 0.4842 0.4858 0.4360 0.6006
10 0.5508 0.5398 0.4743 0.6544
11 0.6179 0.6179 0.5136 0.7253
12 0.7181 0.6854 0.5807 0.7735
13 0.8223 0.7730 0.6433 0.8451
14 0.9356 0.8384 0.7221 0.8892
15 0.9696 0.8226 0.7663 0.8741
16 1.0121 0.8524 0.8064 0.9166
17 0.9724 0.8717 0.7556 0.9380
18 0.9095 0.8185 0.7219 0.9050
19 0.8159 0.7707 0.6457 0.8688
20 0.7426 0.7127 0.6080 0.8383
21 0.8328 0.7877 0.6768 0.8991
22 0.7975 0.7977 0.6520 0.9141
23 0.7007 0.7440 0.5879 0.8796
24 0.6715 0.7492 0.5862 0.8730
25 0.6084 0.7086 0.5523 0.8343
26 0.6188 0.7494 0.5630 0.8635
27 0.5861 0.7279 0.5819 0.8267
28 0.6255 0.7693 0.6475 0.8342
29 0.6573 0.8193 0.7264 0.8327
30 0.6261 0.7273 0.6840 0.7932
31 0.5883 0.6956 0.6310 0.7826
32 0.5524 0.6425 0.5702 0.7750
33 0.5348 0.6313 0.5266 0.7722
34 0.5718 0.6688 0.5112 0.7952
35 0.5972 0.6828 0.5134 0.8106
36 0.6797 0.7675 0.5569 0.8799
37 0.7280 0.7767 0.5833 0.8823
38 0.8335 0.8576 0.6509 0.9474
39 0.9047 0.8754 0.6968 0.9565
40 1.0139 0.9561 0.7802 1.0250
41 1.0735 0.9657 0.8254 1.0289
42 1.0533 0.9751 0.7913 1.0209
43 1.1652 1.0631 0.8620 1.0874
44 1.2073 1.1456 0.8798 1.1545
45 1.2758 1.2241 0.9247 1.2114
46 1.3858 1.2890 1.0094 1.2669
47 1.3331 1.1941 0.9832 1.1889
48 1.3310 1.1870 0.9895 1.2001
49 1.2342 1.1143 0.9195 1.1464
50 1.1888 1.1159 0.8796 1.1564
51 1.0666 1.0248 0.8001 1.0770
52 0.9739 0.9784 0.7229 1.0337
53 0.8669 0.9132 0.6509 0.9847
54 0.7910 0.8406 0.5971 0.9206
55 0.7120 0.7947 0.5532 0.8845
56 0.6481 0.7075 0.5194 0.8124
57 0.6107 0.6694 0.5197 0.7805
58 0.5523 0.5662 0.5038 0.6919
59 0.5928 0.5527 0.5349 0.6633
60 0.5750 0.5075 0.5391 0.6113
61 0.6245 0.5515 0.5144 0.6411
62 0.6049 0.5769 0.5157 0.6858
63 0.6973 0.6629 0.5710 0.7486
64 0.7729 0.7448 0.5958 0.8154
65 0.7560 0.7654 0.5644 0.8393
66 0.8255 0.8500 0.6073 0.9140
67 0.8760 0.9202 0.6410 0.9745
68 0.8872 0.9757 0.6466 0.9981
69 0.9895 1.0695 0.7025 1.0720
70 1.0527 1.1358 0.7536 1.1399
71 1.1688 1.2349 0.8372 1.2251
72 1.2160 1.2390 0.8789 1.2277
73 1.3470 1.3370 0.9711 1.3141
74 1.4363 1.4070 1.0406 1.3829
75 1.4838 1.4887 1.0602 1.4445
76 1.5976 1.5835 1.1466 1.5409
77 1.6292 1.6414 1.1604 1.5953
78 1.7421 1.7374 1.2434 1.6814
79 1.7533 1.7598 1.2624 1.7174
80 1.8770 1.8618 1.3497 1.8139
81 1.9488 1.8899 1.4070 1.8478
82 1.8486 1.7944 1.3480 1.7599
83 1.7732 1.7256 1.2891 1.6892
84 1.6508 1.6293 1.2053 1.6007
85 1.5914 1.5526 1.1631 1.5255
86 1.4667 1.4472 1.0744 1.4324
87 1.4385 1.3842 1.0578 1.3742
88 1.3132 1.2844 0.9658 1.2857
89 1.3309 1.2556 0.9870 1.2551
90 1.2869 1.1841 0.9734 1.2110
91 1.2318 1.1772 0.9321 1.2048
92 1.1219 1.0665 0.8612 1.1203
93 1.0454 1.0458 0.7923 1.0952
94 0.9333 0.9515 0.7258 1.0207
95 0.9708 0.9656 0.7756 1.0356
96 0.9208 0.9466 0.7448 1.0291
97 0.8442 0.9065 0.6835 0.9953
98 0.8104 0.8952 0.6775 0.9865
99 0.7498 0.8759 0.6531 0.9620
100 0.7589 0.8955 0.6817 0.9768
101 0.7215 0.8810 0.6630 0.9552
102 0.7108 0.8911 0.6293 0.9618
103 0.7828 0.9486 0.6560 1.0136
104 0.7938 0.9288 0.6412 1.0011
105 0.8855 0.9875 0.6992 1.0593
106 0.9271 0.9957 0.7153 1.0646
107 1.0234 1.0588 0.7903 1.1219
108 1.1109 1.1120 0.8506 1.1532
109 1.1884 1.1575 0.9253 1.2003
110 1.2710 1.2026 0.9836 1.2421
111 1.3159 1.2677 0.9923 1.2893
112 1.4468 1.3700 1.0922 1.3736
113 1.5127 1.4622 1.1359 1.4536
114 1.6448 1.5701 1.2320 1.5515
115 1.7252 1.6529 1.2842 1.6336
116 1.8435 1.7495 1.3721 1.7162
117 1.9460 1.8459 1.4436 1.8104
118 2.0709 1.9227 1.5347 1.8844
119 2.1015 1.9301 1.5749 1.8813
120 2.0188 1.8569 1.5220 1.8233
121 1.8885 1.7553 1.4255 1.7258
122 1.7955 1.6856 1.3666 1.6607
123 1.7611 1.6349 1.3484 1.6029
124 1.6458 1.5060 1.2526 1.5091
125 1.5598 1.4453 1.2014 1.4523
126 1.4282 1.3536 1.1034 1.3657
127 1.3995 1.3567 1.0804 1.3761
128 1.2741 1.2580 0.9784 1.2879
129 1.1921 1.2237 0.9090 1.2507
130 1.0743 1.1425 0.8272 1.1814
131 1.0255 1.1145 0.7688 1.1558
132 0.9480 1.0731 0.7223 1.1267
133 0.8786 1.0280 0.6707 1.0767
134 0.8075 0.9878 0.6389 1.0338
135 0.7866 0.9509 0.6171 0.9859
136 0.7668 0.9526 0.6275 0.9539
137 0.8090 1.0131 0.6596 1.0302
138 0.8818 1.0637 0.6738 1.0706
139 0.9179 1.1042 0.6987 1.1283
140 0.9875 1.1344 0.7242 1.1707
141 1.0549 1.1971 0.7866 1.2222
142 1.1300 1.2354 0.8390 1.2538
143 1.1681 1.2555 0.8919 1.2790
144 1.2690 1.3170 0.9662 1.3284
145 1.3349 1.3606 1.0338 1.3689
146 1.4344 1.4282 1.1106 1.4396
147 1.4832 1.4863 1.1270 1.4816
148 1.6113 1.6015 1.2247 1.5694
149 1.7173 1.6867 1.2921 1.6533
150 1.8145 1.7289 1.3822 1.7169
151 1.8922 1.7540 1.4457 1.7554
152 1.9006 1.7132 1.4782 1.7401
153 2.0320 1.8153 1.5867 1.8437
154 2.0076 1.8281 1.5687 1.8591
155 1.9220 1.7372 1.5238 1.7793
156 2.0150 1.7896 1.6074 1.8213
157 2.1190 1.8913 1.6836 1.9219
158 2.0422 1.8417 1.6347 1.8819
159 2.0083 1.7910 1.6269 1.8289
160 1.8740 1.6792 1.5156 1.7328
161 1.8684 1.6852 1.5097 1.7564
162 1.7560 1.6130 1.4067 1.6884
163 1.7103 1.5600 1.3507 1.6195
164 1.5778 1.5039 1.2399 1.5222
165 1.5819 1.4857 1.2317 1.4949
166 1.5127 1.3981 1.1915 1.4073
167 1.4161 1.3450 1.1176 1.3737
168 1.2997 1.2587 1.0290 1.2959
169 1.2449 1.2323 0.9814 1.2774
170 1.1212 1.1251 0.8886 1.1957
171 1.1197 1.0869 0.9109 1.1492
172 1.0451 1.0367 0.8712 1.1053
173 1.0017 1.0355 0.8417 1.0993
174 0.9555 1.0035 0.8295 1.0763
175 0.9317 1.0126 0.8216 1.0847
176 0.9648 1.0266 0.8632 1.1060
177 0.9166 0.9801 0.8410 1.0667
178 0.9697 1.0506 0.8752 1.1294
179 0.9356 1.0553 0.8257 1.1200
180 1.0289 1.1227 0.8814 1.1816
181 1.0284 1.1107 0.8617 1.1698
182 1.0967 1.1400 0.9173 1.1908
183 1.1233 1.1497 0.9219 1.1942
184 1.1989 1.1574 0.9761 1.1954
185 1.2929 1.2079 1.0383 1.2437
186 1.3401 1.2222 1.1037 1.2496
187 1.4421 1.2977 1.1631 1.3198
188 1.4948 1.3714 1.1895 1.3883
189 1.6217 1.4711 1.2943 1.4912
190 1.6571 1.4439 1.3301 1.4764
191 1.5630 1.3507 1.2758 1.3810
192 1.5708 1.3935 1.2879 1.4161
193 1.4533 1.3238 1.1864 1.3487
194 1.4081 1.3431 1.1492 1.3597
195 1.3138 1.2860 1.0711 1.3148
196 1.2922 1.2882 1.0359 1.3245
197 1.2112 1.2557 0.9998 1.2960
198 1.1676 1.2522 0.9455 1.2901
199 1.0788 1.1960 0.8924 1.2386
200 0.9898 1.1321 0.8147 1.1814
201 0.9860 1.1468 0.8096 1.1924
202 1.0971 1.2493 0.8750 1.2814
203 1.1027 1.2449 0.8504 1.2746
204 1.0369 1.2084 0.7946 1.2376
205 1.0918 1.2732 0.8449 1.2904
206 1.2015 1.3656 0.9114 1.3705
207 1.1902 1.3360 0.8850 1.3477
208 1.2571 1.4034 0.9107 1.3989
209 1.2763 1.3921 0.9158 1.3910
210 1.4042 1.4861 0.9985 1.4671
211 1.4240 1.5195 1.0227 1.4894
212 1.4359 1.5044 1.0443 1.4698
213 1.4745 1.5358 1.0913 1.5179
214 1.4085 1.4997 1.0697 1.4957
215 1.3894 1.4810 1.0755 1.4755
216 1.3097 1.4204 1.0113 1.4238
217 1.3508 1.4693 1.0543 1.4574
218 1.2935 1.3973 1.0332 1.3986
219 1.3143 1.3768 1.0496 1.3961
220 1.3734 1.3973 1.1142 1.4132
221 1.4268 1.4130 1.1530 1.4331
222 1.4765 1.4325 1.2047 1.4529
223 1.6054 1.5269 1.3068 1.5437
224 1.6840 1.5768 1.3692 1.5601
225 1.7610 1.6094 1.4434 1.5743
226 1.8809 1.6678 1.5337 1.6194
227 1.8595 1.6223 1.5367 1.5809
228 1.8470 1.5790 1.5292 1.5453
229 1.7391 1.4855 1.4557 1.4808
230 1.6586 1.4283 1.3727 1.4462
231 1.7014 1.4533 1.3972 1.4586
232 1.6030 1.3455 1.3163 1.3733
233 1.5176 1.2888 1.2547 1.3275
234 1.4136 1.2243 1.1598 1.2711
235 1.3976 1.2387 1.1566 1.2903
236 1.2870 1.1777 1.0725 1.2325
237 1.2195 1.0958 1.0121 1.1676
238 1.1207 1.0325 0.9429 1.1164
239 1.1100 1.0605 0.9512 1.1370
240 1.0459 1.0177 0.9322 1.0995
241 1.0658 1.0488 0.9652 1.1255
242 1.1131 1.0522 1.0081 1.1289
243 1.1368 1.1131 1.1039 1.1760
244 1.2034 1.1852 1.1881 1.2407
245 1.2307 1.2743 1.2542 1.3047
246 1.1337 1.3543 1.2365 1.2715
247 1.1873 1.2776 1.3037 1.2852
248 1.1461 1.1605 1.3371 1.3133
249 1.1683 1.1759 1.1428 1.2245
250 1.2090 1.1947 1.0794 1.2750
251 1.1586 1.1530 1.0544 1.2112
252 1.2425 1.1885 1.1115 1.2438
253 1.2217 1.1687 1.0781 1.2314
254 1.2132 1.1289 1.0685 1.2016
255 1.2563 1.1552 1.0789 1.2187
256 1.2503 1.1205 1.0657 1.1863
257 1.3514 1.1837 1.1402 1.2332
258 1.3218 1.1302 1.1195 1.1887
259 1.4348 1.2003 1.2028 1.2473
260 1.5224 1.2859 1.2802 1.3124
261 1.6434 1.3702 1.3879 1.3750
262 1.6505 1.3297 1.3885 1.3501
263 1.5119 1.2310 1.2797 1.2693
264 1.5022 1.2325 1.2811 1.2682
265 1.4183 1.1930 1.2065 1.2381
266 1.4139 1.2100 1.2026 1.2527
267 1.3385 1.1718 1.1495 1.2301
268 1.3941 1.2455 1.1984 1.2982
269 1.3534 1.2392 1.1900 1.2866
270 1.3961 1.2985 1.2176 1.3437
271 1.3830 1.3283 1.2149 1.3502
272 1.3444 1.3326 1.1583 1.3320
273 1.4602 1.4457 1.2403 1.4487
274 1.4700 1.4019 1.2343 1.4170
275 1.5491 1.4499 1.3183 1.4716
276 1.5307 1.4197 1.3327 1.4523
277 1.4988 1.3770 1.3406 1.4233
278 1.4931 1.3257 1.3361 1.3776
279 1.5065 1.3170 1.3032 1.3494
280 1.4566 1.2423 1.2472 1.2771
281 1.4914 1.2407 1.2690 1.2704
282 1.4201 1.1740 1.2217 1.2217
283 1.4369 1.1812 1.2444 1.2259
284 1.4217 1.1540 1.2376 1.1953
285 1.4579 1.1786 1.2578 1.2194
286 1.3658 1.1062 1.1762 1.1668
287 1.2608 1.0298 1.0949 1.1024
288 1.2391 1.0351 1.0700 1.1097
289 1.2483 1.0574 1.0813 1.1274
290 1.2086 1.0529 1.0467 1.1296
291 1.1291 0.9908 0.9776 1.0771
292 1.0327 0.9338 0.9057 1.0309
293 1.0499 0.9503 0.9253 1.0595
294 0.9750 0.8937 0.8771 1.0064
295 1.0210 0.9227 0.9242 1.0294
296 0.9753 0.8706 0.8919 0.9767
297 1.0090 0.8807 0.9371 0.9793
298 0.9864 0.8688 0.9051 0.9522
299 1.0743 0.9365 0.9744 0.9763
300 1.0630 0.9025 0.9780 0.9665
301 1.1565 0.9929 1.0853 1.0295
302 1.1173 0.9665 1.0660 1.0314
303 1.1558 1.0250 1.0830 1.0788
304 1.0830 0.9977 1.0284 1.0865
305 1.1358 0.9858 1.0224 1.0684
306 1.1244 0.9891 1.0112 1.0732
307 1.0529 0.9269 0.9485 1.0251
308 1.1067 0.9676 0.9830 1.0596
309 1.0520 0.9054 0.9350 1.0137
310 1.1178 0.9403 0.9873 1.0375
311 1.0397 0.8701 0.9248 0.9768
312 1.1160 0.9120 0.9937 1.0081
313 1.1510 0.9407 1.0277 1.0276
314 1.1674 0.9371 1.0585 1.0121
315 1.1413 0.9251 1.0538 0.9944
316 1.2000 0.9725 1.1147 1.0265
317 1.1172 0.9089 1.0475 0.9810
318 1.1216 0.9277 1.0738 0.9930
319 1.0524 0.8696 1.0569 0.9533
320 1.1164 0.8816 1.0798 0.9742
321 1.2330 0.9786 1.1824 1.0412
322 1.1916 0.9504 1.1202 1.0124
323 1.0868 0.8530 1.0164 0.9487
324 1.0642 0.8418 0.9796 0.9439
325 0.9715 0.7854 0.8925 0.8988
326 1.0066 0.8386 0.9148 0.9439
327 1.0363 0.8826 0.9390 0.9763
328 1.0273 0.8860 0.9261 0.9851
329 1.1302 0.9736 1.0087 1.0524
330 1.1279 0.9705 1.0086 1.0486
331 1.2464 1.0625 1.0990 1.1156
332 1.2688 1.0550 1.1194 1.1077
333 1.3122 1.0960 1.1845 1.1593
334 1.5629 1.1791 1.2844 1.2277
335 1.6417 1.1951 1.3395 1.2269
336 1.6476 1.3133 1.4067 1.2838
337 1.6609 1.3610 1.4159 1.3324
338 1.6421 1.3738 1.4230 1.3657
339 1.6083 1.3290 1.3685 1.3581
340 1.5001 1.2406 1.2921 1.2859
341 1.5292 1.2557 1.3379 1.3016
342 1.4578 1.2199 1.2859 1.2587
343 1.3185 1.1141 1.1655 1.1630
344 1.2744 1.0745 1.1280 1.1194
345 1.1514 0.9877 1.0335 1.0493
346 1.1014 0.9493 0.9949 1.0245
347 0.9788 0.8496 0.8941 0.9472
348 0.9598 0.8278 0.8806 0.9271
349 0.8699 0.7426 0.8115 0.8562
350 0.7941 0.6842 0.7500 0.8143
351 0.8015 0.6425 0.7526 0.7869
352 0.8964 0.6999 0.8443 0.8318
353 0.9359 0.7297 0.8690 0.8610
354 0.8538 0.6881 0.7912 0.8226
355 0.9164 0.7576 0.8317 0.8822
356 0.8746 0.7409 0.7986 0.8692
357 0.9134 0.7857 0.8210 0.9123
358 0.9198 0.7997 0.8162 0.9266
359 0.8372 0.7617 0.7450 0.8962
360 0.8170 0.7524 0.7440 0.8870
361 0.7341 0.7047 0.6889 0.8415
362 0.7420 0.7037 0.7078 0.8397
363 0.6502 0.6218 0.6425 0.7685
364 0.6995 0.6481 0.6970 0.7808
365 0.7174 0.6259 0.7250 0.7422
366 0.6472 0.5518 0.6397 0.6788
367 0.7427 0.5871 0.7510 0.6678
368 0.7762 0.6162 0.8363 0.6933
369 0.8946 0.7214 0.9418 0.7472
370 0.8973 0.7873 0.8699 0.8057
371 0.8892 0.7681 0.8541 0.8130
372 0.8102 0.7225 0.7842 0.8073
373 0.7365 0.6558 0.7227 0.7715
374 0.7442 0.6773 0.7145 0.8087
375 0.6813 0.6368 0.6499 0.7753
376 0.7512 0.6786 0.6971 0.8181
377 0.7335 0.6600 0.6706 0.7969
378 0.7638 0.6555 0.7042 0.8013
379 0.7583 0.6444 0.6886 0.7930
380 0.7923 0.6376 0.7337 0.7824
381 0.7313 0.5971 0.6971 0.7453
382 0.6508 0.5288 0.6422 0.6813
383 0.6566 0.5128 0.6675 0.6617
384 0.6893 0.5070 0.6814 0.6532
385 0.7442 0.5627 0.7047 0.7128
386 0.6675 0.5318 0.6359 0.6803
387 0.6604 0.5574 0.6276 0.7097
388 0.6012 0.5326 0.5878 0.6900
389 0.6048 0.5561 0.5823 0.7107
390 0.6470 0.5832 0.6208 0.7271
391 0.6405 0.5852 0.6241 0.7291
392 0.7464 0.6557 0.7094 0.7867
393 0.7776 0.6700 0.7375 0.8053
394 0.8633 0.7416 0.8148 0.8750
395 0.9657 0.8062 0.9251 0.9166
396 1.0844 0.8848 1.0196 0.9884
397 1.1288 0.9340 1.0694 1.0472
398 1.0605 0.8773 1.0082 0.9745
399 0.9596 0.8192 0.8886 0.9129
400 0.9284 0.8193 0.8490 0.8826
401 0.9458 0.8304 0.8662 0.9026
402 0.8403 0.7247 0.7767 0.8213
403 0.7237 0.6392 0.6794 0.7537
404 0.6653 0.5926 0.6326 0.7054
405 0.5605 0.5161 0.5512 0.6450
406 0.5404 0.4975 0.5395 0.6486
407 0.4798 0.4531 0.4923 0.6213
408 0.4787 0.4372 0.4965 0.5980
409 0.5205 0.4625 0.5154 0.6196
410 0.5007 0.4444 0.4922 0.5855
411 0.5986 0.5080 0.5621 0.6355
412 0.6795 0.5364 0.6399 0.6595
413 0.7354 0.5663 0.6956 0.6972
414 0.8093 0.6439 0.7381 0.7669
415 0.7568 0.6258 0.6690 0.7502
416 0.7718 0.6545 0.6808 0.7870
417 0.6624 0.5832 0.5970 0.7335
418 0.6690 0.6181 0.6034 0.7652
419 0.7693 0.7061 0.6688 0.8417
420 0.7383 0.7077 0.6365 0.8458
421 0.6585 0.6601 0.5915 0.8004
422 0.6426 0.6705 0.5910 0.8042
423 0.5923 0.6164 0.5849 0.7640
424 0.6161 0.6317 0.6395 0.7738
425 0.5556 0.6051 0.6162 0.7513
426 0.5126 0.5312 0.6304 0.6902
427 0.4827 0.5132 0.5739 0.6792
428 0.4926 0.4588 0.6732 0.6600
429 0.5551 0.4764 0.7516 0.6608
430 0.5575 0.4545 0.7359 0.6195
431 0.5919 0.5072 0.7287 0.6463
432 0.5497 0.4796 0.6027 0.6293
433 0.5300 0.5160 0.5746 0.6624
434 0.4735 0.4846 0.4978 0.6523
435 0.4984 0.5210 0.4979 0.6941
436 0.5238 0.5582 0.4897 0.7187
437 0.5633 0.5696 0.5126 0.7265
438 0.6486 0.6330 0.5585 0.7724
439 0.6964 0.6400 0.6011 0.7703
440 0.8123 0.7242 0.6686 0.8347
441 0.8374 0.7049 0.7086 0.8104
442 0.7607 0.6504 0.6473 0.7557
443 0.7859 0.7039 0.6401 0.8018
444 0.6747 0.6368 0.5620 0.7475
445 0.5968 0.6023 0.5090 0.7325
446 0.5052 0.5198 0.4593 0.6644
447 0.4547 0.4844 0.4345 0.6441
448 0.4180 0.4365 0.4363 0.6079
449 0.4140 0.4179 0.4546 0.5829
450 0.4709 0.4378 0.4744 0.5877
451 0.5033 0.4180 0.4801 0.5515
452 0.6000 0.4488 0.5666 0.5615
453 0.6669 0.4785 0.5473 0.5829
454 0.7333 0.4983 0.5341 0.5782
455 0.7948 0.5159 0.5199 0.6127
456 0.8352 0.5297 0.5225 0.6010
457 0.9197 0.5685 0.5102 0.6342
458 0.9618 0.5936 0.5202 0.6348
459 1.0395 0.6342 0.5266 0.6694
460 1.0760 0.6681 0.5391 0.6830
461 1.1525 0.7082 0.5517 0.7204
462 1.2097 0.7483 0.5720 0.7530
463 1.2956 0.7984 0.5914 0.8101
464 1.3287 0.8377 0.6309 0.8476
465 1.3747 0.8724 0.6605 0.8777
466 1.3840 0.8833 0.6668 0.8710
467 1.4512 0.9271 0.6783 0.9108
468 1.4604 0.9405 0.7032 0.9128
469 1.5389 0.9871 0.7064 0.9525
470 1.5024 0.9605 0.6737 0.9186
471 1.4689 0.9375 0.6602 0.8909
472 1.4553 0.8952 0.6440 0.8501
473 1.4024 0.8765 0.6406 0.8135
474 1.4143 0.8987 0.6661 0.8255
475 1.3625 0.8934 0.6913 0.8018
476 1.3444 0.8860 0.6988 0.8329
477 1.4278 0.9465 0.7496 0.9241
478 1.4975 0.9723 0.7483 0.9301
479 1.5214 0.9778 0.7246 0.9717
480 1.5169 0.9848 0.7257 0.9460
481 1.4687 0.9517 0.6870 0.8827
482 1.3977 0.9199 0.6723 0.8486
483 1.3832 0.8966 0.6541 0.8430
484 1.3296 0.8445 0.6238 0.7964
485 1.2937 0.8029 0.5941 0.7714
486 1.2381 0.7513 0.5687 0.7280
487 1.1627 0.7198 0.5621 0.6939
488 1.1215 0.6884 0.5457 0.6731
489 1.0407 0.6583 0.5326 0.6435
490 1.0168 0.6104 0.5246 0.6243
491 0.9434 0.5786 0.5233 0.5970
492 0.9152 0.5533 0.5275 0.6029
493 0.8544 0.5374 0.5320 0.5949
494 0.8558 0.5336 0.5273 0.6176
495 0.8052 0.5186 0.5292 0.6172
496 0.7729 0.5052 0.5027 0.6241
497 0.7338 0.4806 0.5040 0.5905
498 0.7240 0.4721 0.4970 0.5547
499 0.7258 0.4923 0.5929 0.5456
500 0.7873 0.5192 0.6472 0.5370
501 0.7858 0.5334 0.6906 0.5368
502 0.7650 0.5163 0.6242 0.5222
503 0.7983 0.5351 0.6039 0.5128
504 0.8039 0.5430 0.5657 0.5201
505 0.8286 0.5744 0.5711 0.5332
506 0.8829 0.5971 0.5591 0.5586
507 0.9119 0.6337 0.5890 0.5741
508 0.9900 0.6682 0.5896 0.6114
509 1.0173 0.7073 0.6257 0.6379
510 1.1008 0.7558 0.6457 0.6857
511 1.1268 0.7967 0.6694 0.7270
512 1.0731 0.7709 0.6721 0.7015
513 1.0883 0.8031 0.7105 0.7478
514 1.1120 0.8436 0.7408 0.7614
515 1.0809 0.8598 0.7707 0.7469
516 1.0679 0.8434 0.7568 0.7060
517 1.1457 0.8958 0.7805 0.7414
518 1.1836 0.9023 0.7758 0.7812
519 1.1663 0.8619 0.7245 0.7521
520 1.2359 0.8723 0.7211 0.7860
521 1.2237 0.8280 0.6896 0.7610
522 1.1940 0.8059 0.6796 0.7188
523 1.1761 0.7751 0.6440 0.6875
524 1.2357 0.7986 0.6468 0.7106
525 1.1971 0.7862 0.6537 0.6773
526 1.1606 0.7854 0.6833 0.6697
527 1.1938 0.8083 0.6995 0.7071
528 1.1228 0.7837 0.6913 0.6763
529 1.1025 0.7753 0.6777 0.6789
530 1.0391 0.7276 0.6462 0.6338
531 0.9993 0.6923 0.6272 0.6002
532 0.9292 0.6442 0.6096 0.5649
533 0.8950 0.6325 0.5845 0.5676
534 0.8865 0.6023 0.5874 0.5429
535 0.8955 0.5730 0.5756 0.5405
536 0.8800 0.5457 0.6155 0.5313
537 0.8750 0.5313 0.5903 0.5556
538 0.8606 0.5153 0.6321 0.5506
539 0.8898 0.5146 0.6509 0.5834
540 0.9323 0.5257 0.5956 0.5938
541 0.9600 0.5414 0.5745 0.6176
542 1.0161 0.5534 0.5568 0.6201
543 0.9949 0.5670 0.5354 0.6120
544 1.0036 0.5790 0.5535 0.5920
545 1.0494 0.6136 0.5440 0.6144
546 1.0546 0.6398 0.5506 0.6063
547 1.1239 0.6771 0.5512 0.6403
548 1.1433 0.7076 0.5658 0.6537
549 1.2070 0.7547 0.5857 0.6989
550 1.2194 0.7810 0.6195 0.7205
551 1.2737 0.8334 0.6482 0.7724
552 1.3053 0.8722 0.6900 0.8085
553 1.3260 0.9292 0.7380 0.8214
554 1.4074 0.9923 0.7900 0.8612
555 1.4504 1.0304 0.8255 0.8991
556 1.4444 1.0729 0.8775 0.9032
557 1.3665 1.0170 0.8359 0.8613
558 1.3320 0.9773 0.8212 0.8611
559 1.3588 0.9976 0.8572 0.8994
560 1.3248 0.9624 0.8248 0.8842
561 1.3632 0.9612 0.8072 0.9027
562 1.3567 0.9612 0.8156 0.9171
563 1.2802 0.9119 0.7785 0.8668
564 1.2553 0.8560 0.7159 0.8379
565 1.2115 0.8240 0.6780 0.7939
566 1.1395 0.7795 0.6507 0.7491
567 1.0994 0.7341 0.6164 0.7030
568 1.0193 0.6888 0.5977 0.6579
569 0.9742 0.6429 0.5665 0.6217
570 0.8887 0.6123 0.5670 0.5872
571 0.8426 0.5712 0.5442 0.5566
572 0.7646 0.5388 0.5599 0.5340
573 0.7066 0.5179 0.5780 0.5179
574 0.7276 0.5466 0.6351 0.5150
575 0.6872 0.5839 0.6928 0.5481
576 0.6282 0.6011 0.7741 0.6037
577 0.6517 0.6104 0.7906 0.7159
578 0.6713 0.6872 0.8970 0.7205
579 0.6529 0.6596 0.9580 0.6972
580 0.6122 0.5685 0.8582 0.6038
581 0.5676 0.5821 0.7312 0.5503
582 0.5849 0.5026 0.6940 0.5016
583 0.5677 0.3930 0.6472 0.5072
584 0.5982 0.4336 0.5644 0.5264
585 0.6152 0.4607 0.5537 0.5467
586 0.6897 0.4876 0.5456 0.5604
587 0.7460 0.5133 0.5453 0.5982
588 0.8340 0.5500 0.5536 0.6309
589 0.8890 0.5826 0.5823 0.6391
590 0.8505 0.5701 0.5402 0.5953
591 0.9134 0.6179 0.5565 0.6203
592 0.9957 0.6492 0.5613 0.6622
593 1.0542 0.6998 0.5950 0.6956
594 1.1258 0.7312 0.5966 0.7347
595 1.2045 0.7880 0.6398 0.7920
596 1.2755 0.8298 0.6594 0.8200
597 1.3396 0.9038 0.7163 0.8726
598 1.3873 0.9285 0.7269 0.8995
599 1.4362 0.9204 0.7027 0.9385
600 1.3726 0.9048 0.7052 0.9509
601 1.3494 0.8565 0.6013 0.8720
602 1.3538 0.8188 0.5777 0.8285
603 1.3568 0.8678 0.5967 0.8904
604 1.4120 0.9045 0.6672 0.9833
605 1.4428 0.8622 0.6340 0.9278
606 1.4450 0.8323 0.7005 0.9469
607 1.4197 0.7935 0.6466 0.8572
608 1.3591 0.7680 0.6013 0.7680
609 1.3389 0.7559 0.5901 0.7250
610 1.3034 0.7433 0.5958 0.6767
611 1.2828 0.7605 0.6045 0.6630
612 1.2840 0.7620 0.6540 0.6830
613 1.2688 0.8033 0.6923 0.7174
614 1.2895 0.8430 0.7623 0.7854
615 1.2937 0.9058 0.8179 0.8612
616 1.3290 0.9605 0.8950 0.9535
617 1.3433 1.0237 0.9781 1.0596
618 1.4125 1.0892 1.0586 1.1718
619 1.4363 1.1172 1.0776 1.2364
620 1.5030 1.1691 1.1518 1.3546
621 1.5395 1.2276 1.2001 1.4558
622 1.6144 1.3538 1.3122 1.4801
623 1.6581 1.4069 1.3374 1.5013
624 1.7237 1.4762 1.4006 1.6133
625 1.7619 1.5514 1.4483 1.6693
626 1.8535 1.6014 1.4704 1.7641
627 1.8403 1.5234 1.4288 1.7208
628 1.7990 1.4493 1.3622 1.6185
629 1.6890 1.3704 1.3127 1.5039
630 1.6194 1.2712 1.2270 1.3854
631 1.5474 1.2057 1.1573 1.2922
632 1.4818 1.0956 1.0563 1.1928
633 1.4236 1.0344 0.9859 1.1031
634 1.3561 0.9631 0.8995 1.0102
635 1.3146 0.9030 0.8343 0.9097
636 1.2783 0.8563 0.7682 0.8317
637 1.2742 0.8125 0.7165 0.7601
638 1.2455 0.7910 0.6540 0.7037
639 1.2497 0.7704 0.6082 0.6640
640 1.2398 0.7978 0.5855 0.6730
641 1.2652 0.7791 0.5604 0.6635
642 1.2878 0.7779 0.5607 0.6863
643 1.3000 0.7775 0.5871 0.6823
644 1.3223 0.7564 0.6315 0.7003
645 1.3713 0.7911 0.6813 0.7567
646 1.3913 0.8207 0.7353 0.7898
647 1.3549 0.7941 0.7228 0.7526
648 1.3780 0.8361 0.7888 0.8154
649 1.3724 0.8545 0.8208 0.8439
650 1.4319 0.9113 0.9005 0.9393
651 1.4532 0.9784 0.9624 1.0187
652 1.5200 1.0511 1.0403 1.1227
653 1.5677 1.1485 1.0993 1.2139
654 1.6249 1.2529 1.1863 1.3466
655 1.7181 1.3651 1.2939 1.4562
656 1.7241 1.3465 1.3087 1.5034
657 1.6629 1.2691 1.2405 1.3802
658 1.6461 1.2483 1.2036 1.3282
659 1.5713 1.1603 1.1065 1.1993
660 1.5718 1.1729 1.0706 1.1920
661 1.4918 1.0697 0.9641 1.0713
662 1.4228 0.9876 0.9011 0.9677
663 1.3670 0.9350 0.8557 0.9155
664 1.3037 0.8754 0.7514 0.8359
665 1.2112 0.9021 0.7294 0.8252
666 1.2084 0.8860 0.6726 0.7440
667 1.1501 0.9101 0.7037 0.7109
668 1.1228 0.9324 0.7736 0.7222
669 1.1404 0.9095 0.8002 0.7783
670 1.1670 0.9223 0.8283 0.8307
671 1.2421 0.9280 0.8626 0.8667
672 1.3223 0.9378 0.8358 0.8416
673 1.4020 0.9944 0.9014 0.8731
674 1.4524 0.9970 0.9172 0.9437
675 1.5293 1.0437 0.9569 1.0197
676 1.5803 1.0930 1.0102 1.1130
677 1.6303 1.1582 1.0662 1.1898
678 1.6582 1.3059 1.1310 1.3383
679 1.6540 1.3777 1.1318 1.3621
680 1.7121 1.2581 1.1930 1.4007
681 1.7349 1.3052 1.2265 1.4159
682 1.6493 1.1948 1.1693 1.3365
683 1.6250 1.1588 1.1240 1.2448
684 1.5510 1.0665 1.0386 1.1317
685 1.5037 1.0267 0.9837 1.0585
686 1.4604 0.9497 0.9113 0.9588
687 1.3995 0.9104 0.8590 0.8834
688 1.3653 0.8657 0.7942 0.8027
689 1.3135 0.8160 0.7234 0.7342
690 1.3116 0.8206 0.6868 0.7066
691 1.3378 0.8240 0.6820 0.7264
692 1.3262 0.8028 0.6426 0.7045
693 1.2888 0.7758 0.6306 0.6674
694 1.2441 0.7859 0.5894 0.6574
695 1.2443 0.7882 0.5653 0.6630
696 1.2274 0.8036 0.5806 0.6783
697 1.2140 0.7944 0.6185 0.6822
698 1.2258 0.7984 0.6505 0.7255
699 1.2498 0.8064 0.6848 0.7415
700 1.2688 0.8468 0.7381 0.8177
701 1.3179 0.8754 0.7871 0.8669
702 1.3681 0.9428 0.8643 0.9732
703 1.4294 1.0018 0.9384 1.0339
704 1.5020 1.0942 1.0363 1.1449
705 1.5563 1.1679 1.1168 1.2325
706 1.6350 1.2919 1.2265 1.3571
707 1.6741 1.3511 1.2958 1.4423
708 1.7450 1.4604 1.4202 1.5673
709 1.7547 1.5490 1.4282 1.6237
710 1.8177 1.5877 1.4895 1.7189
711 1.8823 1.6844 1.5842 1.8509
712 1.8586 1.6229 1.5310 1.7577
713 1.7737 1.5223 1.4445 1.6685
714 1.7403 1.4998 1.4933 1.6547
715 1.7040 1.4893 1.4535 1.6232
716 1.6297 1.3584 1.3409 1.4840
717 1.6147 1.2856 1.2763 1.4024
718 1.5512 1.1884 1.1784 1.2793
719 1.4955 1.0937 1.0877 1.1694
720 1.4581 1.0135 1.0107 1.0632
721 1.4031 0.9320 0.9215 0.9620
722 1.3809 0.8640 0.8516 0.8717
723 1.3536 0.8114 0.7803 0.7949
724 1.3933 0.8056 0.7879 0.8162
725 1.3885 0.7837 0.7417 0.7902
726 1.4334 0.7992 0.7620 0.8475
727 1.4147 0.7687 0.7060 0.8183
728 1.4503 0.7560 0.7265 0.8796
729 1.4025 0.7314 0.6673 0.8077
730 1.3638 0.7298 0.6691 0.7543
731 1.3859 0.7427 0.7097 0.7787
732 1.3693 0.7635 0.7419 0.7784
733 1.3314 0.7837 0.7372 0.7572
734 1.3382 0.8291 0.7855 0.7984
735 1.3764 0.8882 0.8703 0.8859
736 1.3655 0.9362 0.9037 0.9257
737 1.4181 1.0252 1.0024 1.0422
738 1.4335 1.0786 1.0557 1.1181
739 1.4990 1.1851 1.1608 1.2525
740 1.5360 1.2572 1.2134 1.3220
741 1.5977 1.3646 1.3157 1.4615
742 1.6691 1.4383 1.3862 1.5616
743 1.6984 1.5470 1.4393 1.6469
744 1.7062 1.6486 1.4839 1.6971
745 1.7252 1.6720 1.4874 1.6998
746 1.7073 1.6311 1.4917 1.6774
747 1.7750 1.5424 1.4597 1.6664
748 1.7888 1.5382 1.4582 1.6252
749 1.7192 1.4873 1.4213 1.6171
750 1.6858 1.4816 1.4210 1.5789
751 1.6478 1.4359 1.3895 1.5704
752 1.6537 1.4167 1.3982 1.5458
753 1.6300 1.3873 1.3829 1.5451
754 1.6342 1.3960 1.3882 1.5262
755 1.6806 1.4123 1.3976 1.5118
756 1.6341 1.3917 1.3819 1.5142
757 1.5233 1.3574 1.3450 1.5233
758 1.4742 1.3601 1.3525 1.5396
759 1.5248 1.3951 1.3822 1.5243
760 1.5129 1.4092 1.3613 1.5062
761 1.5789 1.4403 1.3805 1.4878
762 1.6038 1.4798 1.3573 1.4753
763 1.6621 1.5121 1.3871 1.5072
764 1.8089 1.6070 1.4916 1.5423
765 1.8965 1.6703 1.5576 1.6307
766 2.0278 1.6992 1.7056 1.7604
767 2.0999 1.8070 1.8331 1.7977
768 2.0547 1.9155 1.8388 1.8097
769 2.1159 1.9546 1.9335 1.7845
770 2.2040 1.8153 1.8892 1.7166
771 2.1435 1.7936 1.8364 1.6950
772 2.1156 1.6479 1.6792 1.6144
773 2.1048 1.6240 1.5718 1.5161
774 2.0529 1.6532 1.5363 1.4614
775 1.9970 1.6800 1.4608 1.4340
776 1.9717 1.6173 1.4486 1.4277
777 1.8399 1.5585 1.4117 1.4624
778 1.7793 1.5023 1.3981 1.4852
779 1.7998 1.5049 1.3975 1.4624
780 1.6999 1.4746 1.3933 1.4583
781 1.7506 1.4805 1.4084 1.4619
782 1.7069 1.4615 1.4109 1.4778
783 1.7586 1.4773 1.4257 1.4962
784 1.7576 1.4876 1.4389 1.5270
785 1.8157 1.5036 1.4481 1.5510
786 1.8328 1.5387 1.4655 1.5745
787 1.8776 1.5483 1.4572 1.6019
788 1.9167 1.5719 1.4745 1.6337
789 1.8922 1.5323 1.4379 1.6653
790 1.9475 1.5841 1.4586 1.7030
791 2.0565 1.6515 1.4873 1.7294
792 2.0916 1.6553 1.5452 1.7105
793 2.1160 1.7216 1.5746 1.6705
794 2.0278 1.7110 1.5757 1.6352
795 2.0705 1.7870 1.6209 1.6094
796 2.0267 1.7967 1.6308 1.5681
797 1.9423 1.7162 1.5797 1.5793
798 1.8751 1.6998 1.5756 1.5486
799 1.8067 1.6218 1.5345 1.5263
800 1.7417 1.6069 1.5313 1.5095
801 1.7000 1.5586 1.4955 1.5020
802 1.6357 1.5498 1.4864 1.4968
803 1.6406 1.5395 1.4681 1.4854
804 1.5916 1.5360 1.4574 1.4912
805 1.6698 1.5838 1.4747 1.4979
806 1.7795 1.6572 1.5220 1.4855
807 1.8337 1.6637 1.5150 1.4939
808 1.8422 1.6854 1.5228 1.4987
809 1.8524 1.6723 1.5058 1.5128
810 1.7418 1.6162 1.4722 1.5095
811 1.6986 1.5792 1.4488 1.4939
812 1.6587 1.5226 1.4086 1.4947
813 1.7035 1.5303 1.4262 1.4842
814 1.8183 1.5936 1.4784 1.4695
815 1.8598 1.6099 1.5039 1.4658
816 1.9746 1.6412 1.5463 1.4726
817 2.0091 1.6675 1.5681 1.4721
818 1.9828 1.6542 1.5589 1.4705
819 2.0352 1.6625 1.5582 1.4816
820 2.0474 1.6735 1.5549 1.5026
821 2.0949 1.6818 1.5555 1.5230
822 2.1413 1.7248 1.5691 1.5616
823 2.2053 1.8106 1.6229 1.5725
824 2.1093 1.7724 1.6006 1.5455
825 2.1230 1.8041 1.6359 1.5252
826 2.0271 1.7521 1.6073 1.5040
827 2.0221 1.7877 1.6359 1.4977
828 1.9415 1.7419 1.6050 1.4825
829 1.9070 1.7631 1.6187 1.4844
830 1.9219 1.7813 1.6274 1.4803
831 2.0161 1.8168 1.6436 1.4823
832 1.9826 1.7913 1.6015 1.4740
833 2.0389 1.7680 1.6115 1.4909
834 2.0888 1.7642 1.6616 1.5663
835 2.1469 1.7413 1.6863 1.6102
836 2.2802 1.7394 1.7779 1.6116
837 2.2276 1.7034 1.7998 1.6755
838 2.4247 1.7346 1.9694 1.7971
839 2.6559 1.8487 2.1177 1.7602
840 2.8854 1.9431 2.1923 1.7930
841 3.0032 1.9942 2.3094 1.8002
842 2.9441 2.0884 2.4298 1.8763
843 3.0016 2.0395 2.4009 1.8999
844 3.1284 2.1077 2.4980 1.8985
845 3.0921 2.2070 2.5471 1.8965
846 3.0612 2.2643 2.5475 1.9601
847 2.8991 2.3042 2.6565 1.9393
848 2.7254 2.3840 2.7332 2.0524
849 2.5512 2.3159 2.7087 1.9500
850 2.4192 2.2517 2.7964 1.9608
851 2.3933 2.1768 2.7973 1.8926
852 2.3079 2.1591 2.7599 1.8177
853 2.2029 2.0392 2.5743 1.7453
854 2.1972 2.0942 2.4176 1.7298
855 2.1243 1.9302 2.1689 1.6706
856 2.0878 1.8753 2.0403 1.5603
857 2.0894 1.7351 1.7747 1.5775
858 2.0271 1.6869 1.6025 1.5788
859 2.0411 1.7381 1.4292 1.6378
860 1.9168 1.6954 1.3159 1.7370
861 1.7389 1.7586 1.2133 1.6775
862 1.5666 1.7849 1.2282 1.6448
863 1.4887 1.7470 1.3321 1.7139
864 1.4058 1.6429 1.4238 1.6709
865 1.3543 1.6227 1.5343 1.6020
866 1.3718 1.6104 1.6214 1.6297
867 1.3096 1.5407 1.6249 1.6076
868 1.2320 1.4834 1.5315 1.5902
869 1.1901 1.4438 1.3895 1.6390
870 1.1292 1.3945 1.3973 1.5957
871 1.1006 1.3956 1.3750 1.6236
872 1.0898 1.3176 1.3533 1.6103
873 1.0940 1.3753 1.2996 1.5873
874 1.1060 1.3904 1.3343 1.5425
875 1.2483 1.3891 1.3452 1.5599
876 1.3100 1.4383 1.3792 1.5802
877 1.3425 1.4372 1.3967 1.5734
878 1.4347 1.4668 1.4194 1.5305
879 1.4548 1.4877 1.4437 1.5036
880 1.5134 1.5364 1.4723 1.4998
881 1.4318 1.5511 1.4894 1.5235
882 1.4430 1.5470 1.4765 1.5445
883 1.5330 1.5806 1.4745 1.5287
884 1.6105 1.6215 1.5079 1.4919
885 1.6408 1.6065 1.5103 1.4858
886 1.7372 1.6338 1.5336 1.4780
887 1.7530 1.6461 1.5455 1.4825
888 1.8301 1.6622 1.5549 1.4862
889 1.8763 1.7087 1.5818 1.5047
890 1.9429 1.7150 1.5825 1.5145
891 2.0214 1.7785 1.6148 1.5382
892 2.0701 1.7774 1.6119 1.5724
893 2.1464 1.8375 1.6467 1.5816
894 2.1476 1.7961 1.6183 1.6146
895 2.0885 1.7140 1.5566 1.6207
896 2.1431 1.7090 1.5511 1.6689
897 2.0906 1.6449 1.5073 1.7024
898 2.0422 1.5946 1.4804 1.6653
899 2.0597 1.6290 1.5063 1.6232
900 1.9923 1.5872 1.4958 1.5918
901 1.9894 1.6101 1.5123 1.5584
902 1.9271 1.5794 1.4903 1.5266
903 1.9106 1.5868 1.4978 1.5015
904 1.8722 1.5575 1.4769 1.4798
905 1.8428 1.5618 1.4856 1.4654
906 1.8732 1.5672 1.4748 1.4569
907 1.8223 1.5552 1.4522 1.4571
908 1.8056 1.5414 1.4304 1.4668
909 1.7338 1.5190 1.3962 1.4771
910 1.7927 1.5585 1.4250 1.4738
911 1.7911 1.5476 1.4399 1.4737
912 1.7992 1.5753 1.4475 1.4874
913 1.6899 1.5263 1.4455 1.4909
914 1.6415 1.4793 1.4123 1.4863
915 1.6387 1.4825 1.3996 1.5012
916 1.6182 1.4944 1.4133 1.5151
917 1.5357 1.4722 1.4023 1.5579
918 1.5595 1.4962 1.4034 1.5556
919 1.4503 1.4371 1.3795 1.5847
920 1.4050 1.4278 1.3765 1.5743
921 1.3828 1.4004 1.3642 1.5695
922 1.4030 1.4119 1.3771 1.5509
923 1.3951 1.3942 1.3762 1.5497
924 1.4830 1.4278 1.3992 1.5276
925 1.4721 1.4353 1.4175 1.5420
926 1.5473 1.4616 1.4330 1.5302
927 1.5206 1.4681 1.4118 1.5188
928 1.5961 1.5100 1.4361 1.5229
929 1.6173 1.5436 1.4656 1.5429
930 1.7122 1.5868 1.4946 1.5569
931 1.7567 1.6441 1.5366 1.5732
932 1.8597 1.6897 1.5643 1.5970
933 1.9235 1.7708 1.6243 1.5799
934 2.0293 1.7987 1.6379 1.6825
935 2.0707 1.7882 1.6262 1.7772
936 2.2068 1.8593 1.6637 1.8751
937 2.1941 1.8350 1.7032 1.9252
938 2.2407 1.8772 1.7350 2.0066
939 2.1006 1.8300 1.6940 1.9449
940 1.9695 1.8704 1.5984 1.8249
941 1.9024 1.9239 1.5022 1.7870
942 1.7576 1.8357 1.4752 1.7179
943 1.6959 1.7122 1.5228 1.6729
944 1.7728 1.6830 1.5523 1.6530
945 1.7391 1.6147 1.5018 1.6246
946 1.6560 1.5866 1.4833 1.6029
947 1.5822 1.5269 1.4450 1.5945
948 1.5286 1.4924 1.4226 1.5695
949 1.5198 1.4331 1.3894 1.5610
950 1.4701 1.4076 1.3827 1.5467
951 1.5093 1.3928 1.3833 1.5416
952 1.4699 1.3871 1.3730 1.5388
953 1.4895 1.3861 1.3710 1.5302
954 1.4351 1.3714 1.3670 1.5526
955 1.4654 1.3970 1.3732 1.5369
956 1.4269 1.3897 1.3522 1.5491
957 1.4514 1.4057 1.3605 1.5350
958 1.4641 1.4064 1.3691 1.5089
959 1.4003 1.4251 1.3526 1.4654
960 1.4990 1.4464 1.3216 1.4967
961 1.4287 1.4822 1.3105 1.5225
962 1.5331 1.5409 1.3238 1.5950
963 1.4385 1.5785 1.3029 1.6496
964 1.4259 1.5505 1.3001 1.6496
965 1.3709 1.4714 1.3534 1.6255
966 1.3571 1.4985 1.4021 1.6709
967 1.3221 1.4447 1.4189 1.6594
968 1.3572 1.4813 1.3605 1.6564
969 1.4033 1.5265 1.3600 1.6873
970 1.3682 1.4696 1.4102 1.6818
971 1.3645 1.4371 1.3886 1.6477
972 1.4216 1.4961 1.3533 1.6674
973 1.4150 1.4916 1.3930 1.6886
974 1.3810 1.4205 1.4092 1.6564
975 1.4230 1.4382 1.3693 1.6473
976 1.4657 1.4914 1.3787 1.6812
977 1.4308 1.4401 1.4113 1.6709
978 1.4248 1.3897 1.3915 1.6364
979 1.4834 1.4471 1.3680 1.6573
980 1.4903 1.4657 1.3994 1.6822
981 1.4600 1.3938 1.4073 1.6486
982 1.4932 1.3957 1.3763 1.6422
983 1.5452 1.4702 1.3779 1.6986
984 1.5410 1.4539 1.4103 1.6918
985 1.5341 1.3949 1.3985 1.6443
986 1.5801 1.4517 1.3746 1.6816
987 1.6185 1.5191 1.3968 1.7409
988 1.6017 1.4583 1.4154 1.7032
989 1.6125 1.4358 1.3976 1.6771
990 1.6592 1.5293 1.3879 1.7139
991 1.6781 1.5301 1.4087 1.6940
992 1.6561 1.4651 1.4325 1.7347
993 1.6949 1.5073 1.4137 1.7808
994 1.7425 1.5814 1.3964 1.7580
995 1.7403 1.5587 1.4529 1.7666
996 1.7267 1.5281 1.4534 1.8466
997 1.8301 1.5703 1.5353 1.8355
998 1.7919 1.5786 1.6134 1.9046
999 1.9138 1.6647 1.6717 1.9368
1000 1.8635 1.6748 1.5257 2.0491
1001 1.9364 1.7497 1.6037 2.0677
1002 1.9728 1.7998 1.4880 2.1580
1003 2.0145 1.8837 1.4236 2.2078
1004 2.1285 1.9835 1.4274 2.2964
1005 2.2050 2.1142 1.4530 2.4643
1006 2.3462 2.2491 1.5004 2.6951
1007 2.4859 2.2717 1.5546 2.8515
1008 2.6485 2.3655 1.6648 3.0437
1009 1.8780 1.4784 1.4886 1.5411
1010 1.7740 1.4380 1.3791 1.4328
1011 1.5983 1.3692 1.1914 1.2304
1012 1.4644 1.2849 1.0793 1.1389
1013 1.3434 1.2481 0.9756 1.0984
1014 1.4330 1.2936 1.0275 1.1514
1015 1.4973 1.2839 1.1012 1.1376
1016 1.3282 1.1663 0.9350 1.0468
1017 1.2179 1.1219 0.7818 1.0042
1018 1.2391 1.1537 0.8608 1.0363
1019 1.1790 1.0789 0.7753 0.9619
1020 1.0407 1.0205 0.6734 0.9090
1021 0.9822 1.0210 0.6600 0.8885
1022 0.9101 0.9346 0.6207 0.8219
1023 1.0110 0.9782 0.6961 0.8739
1024 1.0971 1.0682 0.7670 0.9426
1025 1.0360 1.0257 0.7424 0.8914
1026 1.0264 0.9887 0.7359 0.8683
1027 1.1626 1.0879 0.8328 0.9617
1028 1.2030 1.1335 0.8997 0.9975
1029 1.1742 1.1282 0.9030 0.9802
1030 1.2698 1.2215 0.9746 1.0581
1031 1.2182 1.1935 0.9018 1.0350
1032 1.1568 1.1789 0.8463 1.0113
1033 1.1117 1.1655 0.7893 0.9968
1034 1.1422 1.2422 0.8087 1.0433
1035 1.0496 1.1943 0.7243 0.9868
1036 1.1140 1.2953 0.7868 1.0729
1037 1.2420 1.3602 0.7938 1.1290
1038 1.3271 1.4761 0.8876 1.1883
1039 1.4054 1.4657 0.9268 1.2095
1040 1.5265 1.5379 1.0139 1.2883
1041 1.5385 1.4902 1.0077 1.2725
1042 1.5329 1.4402 1.0358 1.2303
1043 1.4915 1.4320 1.0232 1.2092
1044 1.3792 1.3281 0.9621 1.1402
1045 1.2670 1.2628 0.8755 1.0912
1046 1.2482 1.2215 0.8774 1.0661
1047 1.3424 1.3080 0.9688 1.1346
1048 1.3622 1.3476 1.0091 1.1495
1049 1.2985 1.3562 0.9746 1.1240
1050 1.4227 1.4819 1.0853 1.2200
1051 1.4662 1.4947 1.0936 1.2525
1052 1.3522 1.4323 0.9959 1.1910
1053 1.3696 1.5039 1.0298 1.2222
1054 1.5094 1.6072 1.1341 1.3170
1055 1.4863 1.5786 1.0934 1.3046
1056 1.3963 1.5679 1.0330 1.2680
1057 1.2672 1.4378 0.9285 1.1728
1058 1.2003 1.4154 0.8873 1.1297
1059 1.1672 1.3512 0.8834 1.0748
1060 1.0489 1.2471 0.8002 1.0033
1061 1.0524 1.2356 0.7718 1.0072
1062 1.0941 1.2164 0.8016 1.0055
1063 1.0077 1.0969 0.7365 0.9181
1064 1.0458 1.0940 0.7900 0.9246
1065 0.9674 1.0059 0.7662 0.8496
1066 1.0403 1.0523 0.8558 0.8575
1067 0.9974 1.0096 0.8700 0.8972
1068 1.0040 0.9940 0.9061 0.8870
1069 1.0179 0.9642 0.9545 0.8516
1070 0.9902 0.9291 0.9662 0.8070
1071 1.0271 0.9070 1.0269 0.8128
1072 0.9579 0.8039 0.9788 0.7314
1073 1.0496 0.8112 1.0724 0.7577
1074 1.1679 0.9307 1.1884 0.8590
1075 1.2769 0.9519 1.2738 0.8898
1076 1.4093 1.0435 1.3885 0.9656
1077 1.4723 1.0833 1.4350 1.0120
1078 1.5584 1.1040 1.5111 1.0370
1079 1.6936 1.2029 1.6227 1.1257
1080 1.7316 1.2114 1.6575 1.1311
1081 1.6731 1.1745 1.6226 1.0728
1082 1.7186 1.0487 1.6680 1.0906
1083 1.7388 1.0040 1.6810 1.0323
1084 1.6676 0.9726 1.6315 0.9957
1085 1.4944 0.9184 1.5520 0.9103
1086 1.5531 0.9046 1.5104 0.8823
1087 1.4490 0.9067 1.4261 0.8762
1088 1.4733 1.0089 1.4441 0.9526
1089 1.3961 0.9977 1.3814 0.9365
1090 1.4148 1.0555 1.3919 0.9972
1091 1.3108 1.0170 1.2994 0.9558
1092 1.2654 1.0100 1.2637 0.9408
1093 1.1737 0.9519 1.1775 0.8842
1094 1.1015 0.8650 1.1355 0.8133
1095 0.9828 0.8128 1.0254 0.7524
1096 0.9597 0.8457 0.9780 0.7728
1097 0.8739 0.8089 0.8785 0.7360
1098 0.8943 0.8589 0.8584 0.7758
1099 0.8562 0.8666 0.7829 0.7744
1100 0.8975 0.9111 0.7876 0.8060
1101 0.9222 0.9371 0.7536 0.8192
1102 0.9393 0.9416 0.7500 0.8354
1103 1.0561 1.0142 0.8524 0.9018
1104 1.0865 1.0467 0.8990 0.9197
1105 1.1232 1.0619 0.9701 0.9476
1106 1.1299 1.0546 1.0025 0.9458
1107 1.2022 1.0813 1.0883 0.9891
1108 1.1887 1.0487 1.1131 0.9607
1109 1.2652 1.0954 1.2063 1.0000
1110 1.2757 1.0695 1.2370 0.9837
1111 1.3804 1.1191 1.3413 1.0390
1112 1.4226 1.1237 1.3799 1.0533
1113 1.5284 1.1784 1.4764 1.1006
1114 1.5827 1.1935 1.5239 1.1310
1115 1.6226 1.1906 1.5735 1.1231
1116 1.7264 1.2697 1.6770 1.1870
1117 1.7485 1.2627 1.7098 1.1835
1118 1.6346 1.1704 1.6116 1.1179
1119 1.6319 1.1423 1.6085 1.1114
1120 1.6543 1.1768 1.6119 1.1576
1121 1.6280 1.1475 1.5725 1.1477
1122 1.6960 1.2260 1.6141 1.2235
1123 1.6703 1.2078 1.5680 1.2196
1124 1.7463 1.2929 1.6153 1.2997
1125 1.7294 1.2981 1.5777 1.3005
1126 1.8421 1.4052 1.6564 1.3821
1127 1.8348 1.4544 1.6542 1.4163
1128 1.9017 1.4976 1.6762 1.4691
1129 1.9960 1.5590 1.6761 1.5127
1130 2.1063 1.6683 1.7743 1.6045
1131 2.2485 1.7521 1.8894 1.6399
1132 2.1990 1.6756 1.8643 1.5854
1133 2.2688 1.7201 1.9260 1.6523
1134 2.2670 1.8014 2.0001 1.7179
1135 2.1768 1.7123 1.9747 1.6207
1136 2.1485 1.6246 1.9376 1.5610
1137 2.2346 1.7090 2.0372 1.6657
1138 2.1910 1.7226 2.0130 1.6599
1139 2.0764 1.6113 1.9139 1.5288
1140 2.1191 1.5709 1.9844 1.5550
1141 2.1693 1.6056 2.0570 1.5767
1142 2.0766 1.5531 1.9632 1.5080
1143 2.0082 1.4747 1.8900 1.4229
1144 2.0906 1.5266 1.9646 1.4640
1145 2.1114 1.5673 1.9880 1.5069
1146 2.0025 1.4876 1.8873 1.4337
1147 1.9835 1.4469 1.8856 1.3865
1148 2.0713 1.5294 1.9791 1.4472
1149 2.0423 1.5282 1.9424 1.4485
1150 1.9320 1.4289 1.8484 1.3587
1151 1.9725 1.4235 1.9055 1.3519
1152 1.9817 1.4775 1.9223 1.3693
1153 1.8691 1.3954 1.8072 1.3091
1154 1.7873 1.3000 1.7485 1.2473
1155 1.7750 1.2607 1.7598 1.2301
1156 1.7515 1.2100 1.7354 1.1714
1157 1.7719 1.2418 1.7217 1.2137
1158 1.7358 1.2059 1.6806 1.1975
1159 1.7808 1.2606 1.6885 1.2505
1160 1.7482 1.2406 1.6421 1.2385
1161 1.7496 1.2734 1.6182 1.2835
1162 1.7025 1.2551 1.5544 1.2715
1163 1.7430 1.3127 1.5677 1.3220
1164 1.6940 1.2968 1.5094 1.3172
1165 1.7465 1.3400 1.5042 1.3620
1166 1.6583 1.2658 1.3961 1.3064
1167 1.5465 1.1974 1.3071 1.2517
1168 1.6124 1.2579 1.3398 1.3070
1169 1.5621 1.2307 1.2730 1.2859
1170 1.6025 1.3403 1.3014 1.3361
1171 1.6419 1.4320 1.3353 1.3646
1172 1.6692 1.4352 1.3825 1.3753
1173 1.7435 1.4601 1.4305 1.4186
1174 1.8475 1.5712 1.4951 1.5111
1175 1.8208 1.5637 1.4540 1.4975
1176 1.9127 1.6650 1.5052 1.5758
1177 2.0020 1.7134 1.5643 1.6505
1178 1.9647 1.6714 1.5489 1.6115
1179 2.0349 1.6895 1.6230 1.6576
1180 1.9765 1.6421 1.5944 1.6049
1181 1.8739 1.5539 1.5239 1.5201
1182 1.9386 1.5601 1.5903 1.5670
1183 2.0081 1.6053 1.6488 1.6198
1184 1.9601 1.5897 1.6136 1.5920
1185 2.0894 1.6792 1.7194 1.6839
1186 2.1197 1.7307 1.7250 1.7345
1187 2.1715 1.7936 1.7759 1.7864
1188 2.2506 1.8187 1.8477 1.8098
1189 2.3753 1.8911 1.9549 1.8770
1190 2.3096 1.7870 1.9208 1.8069
1191 2.2086 1.7068 1.8306 1.7270
1192 2.1041 1.6120 1.7407 1.6292
1193 2.0047 1.5192 1.6450 1.5435
1194 1.8793 1.4402 1.5258 1.4899
1195 1.7747 1.3623 1.4537 1.4198
1196 1.6680 1.2834 1.4270 1.3357
1197 1.5621 1.2109 1.3647 1.2586
1198 1.5834 1.1976 1.4142 1.2331
1199 1.6405 1.2125 1.4738 1.2460
1200 1.6343 1.1759 1.4910 1.2142
1201 1.7516 1.2609 1.5985 1.2823
1202 1.7531 1.2387 1.6338 1.2527
1203 1.6645 1.1409 1.5783 1.1691
1204 1.6728 1.1434 1.5987 1.1613
1205 1.7598 1.2021 1.6931 1.2015
1206 1.8197 1.2331 1.7708 1.2357
1207 1.9193 1.2957 1.8518 1.3045
1208 1.9947 1.3911 1.8961 1.3585
1209 2.0689 1.4464 1.9503 1.4050
1210 1.9834 1.3781 1.8584 1.3709
1211 1.9561 1.3957 1.8226 1.3743
1212 2.0723 1.4977 1.9192 1.4597
1213 2.0825 1.4957 1.9171 1.4683
1214 1.9846 1.4392 1.8136 1.4170
1215 2.0148 1.5001 1.8291 1.4574
1216 2.1175 1.5891 1.9101 1.5313
1217 2.0598 1.5445 1.8489 1.5121
1218 2.0031 1.5165 1.7800 1.5021
1219 2.0507 1.5778 1.7930 1.5615
1220 2.0444 1.5765 1.7432 1.5548
1221 1.9391 1.5130 1.6339 1.5255
1222 1.9321 1.5180 1.6092 1.5459
1223 1.8330 1.4217 1.5184 1.5011
1224 1.8375 1.4960 1.5183 1.5092
1225 1.8157 1.4763 1.5087 1.4857
1226 1.8440 1.4834 1.5499 1.5146
1227 1.7255 1.3924 1.4713 1.4202
1228 1.6664 1.3217 1.4432 1.3708
1229 1.5440 1.2336 1.3660 1.2715
1230 1.5798 1.2262 1.4132 1.2629
1231 1.4690 1.1268 1.3091 1.1770
1232 1.4322 1.0835 1.2668 1.1433
1233 1.5145 1.1395 1.3715 1.1840
1234 1.4820 1.1097 1.3593 1.1546
1235 1.3660 1.0070 1.2509 1.0710
1236 1.3936 1.0103 1.2820 1.0710
1237 1.4632 1.0571 1.3660 1.1048
1238 1.3733 0.9884 1.2935 1.0421
1239 1.2825 0.9032 1.2151 0.9689
1240 1.3432 0.9276 1.2745 0.9864
1241 1.3310 0.8932 1.2889 0.9557
1242 1.3820 0.9034 1.3443 0.9645
1243 1.4668 0.9836 1.4029 1.0328
1244 1.5233 1.0353 1.4578 1.0767
1245 1.5095 1.0025 1.4682 1.0460
1246 1.4548 0.9766 1.4240 1.0215
1247 1.4350 0.9427 1.4284 0.9871
1248 1.3382 0.8834 1.3589 0.9326
1249 1.3881 0.9576 1.4168 0.9556
1250 1.4861 1.0418 1.4775 1.0345
1251 1.5298 1.1020 1.4928 1.0965
1252 1.5228 1.0972 1.4730 1.1105
1253 1.6110 1.1885 1.5328 1.1920
1254 1.6054 1.1900 1.5074 1.2080
1255 1.7148 1.2887 1.5839 1.2962
1256 1.7189 1.3025 1.5587 1.3235
1257 1.8191 1.3924 1.6331 1.4075
1258 1.8314 1.4098 1.5994 1.4492
1259 1.9014 1.4938 1.6405 1.5217
1260 1.8040 1.4279 1.5512 1.4674
1261 1.6877 1.3639 1.4592 1.3910
1262 1.5800 1.2771 1.3915 1.3114
1263 1.4826 1.2034 1.2919 1.2543
1264 1.3760 1.1112 1.2119 1.1768
1265 1.2669 1.0132 1.1059 1.0908
1266 1.2160 1.0137 1.0571 1.0941
1267 1.3328 1.1086 1.1401 1.1783
1268 1.3231 1.0635 1.1125 1.1424
1269 1.3161 1.0188 1.0577 1.1062
1270 1.4717 1.1045 1.1489 1.1814
1271 1.4339 1.1102 1.1459 1.1840
1272 1.2958 1.0502 1.0451 1.1262
1273 1.2259 0.9958 1.0322 1.0766
1274 1.1058 0.9176 0.9596 1.0059
1275 1.0614 0.8576 0.9347 0.9584
1276 1.0585 0.8420 0.9517 0.9462
1277 1.1217 0.8614 1.0178 0.9564
1278 1.0862 0.7833 0.9965 0.8996
1279 1.1531 0.8384 1.0733 0.9263
1280 1.1616 0.8234 1.0865 0.9076
1281 1.2630 0.8891 1.1781 0.9596
1282 1.3087 0.9381 1.2009 1.0034
1283 1.4201 1.0209 1.2871 1.0702
1284 1.4720 1.0745 1.3346 1.0976
1285 1.5612 1.1351 1.4128 1.1301
1286 1.6459 1.1966 1.4844 1.2095
1287 1.5961 1.1469 1.4490 1.1807
1288 1.5662 1.1533 1.4069 1.1891
1289 1.4595 1.0833 1.3131 1.1314
1290 1.4071 1.0486 1.2533 1.1002
1291 1.3203 0.9905 1.1670 1.0562
1292 1.3959 1.0744 1.2192 1.1303
1293 1.3822 1.0831 1.1777 1.1442
1294 1.2612 0.9794 1.0803 1.0541
1295 1.2239 0.9445 1.0637 1.0235
1296 1.2386 0.9759 1.0768 1.0594
1297 1.3033 1.0206 1.1537 1.0958
1298 1.2521 0.9675 1.1290 1.0461
1299 1.2286 0.9624 1.1067 1.0470
1300 1.2859 1.0071 1.1656 1.0802
1301 1.1829 0.9254 1.0950 1.0124
1302 1.1546 0.8788 1.0713 0.9705
1303 1.2562 0.9560 1.1598 1.0277
1304 1.2474 0.9622 1.1671 1.0269
1305 1.1496 0.8724 1.1034 0.9476
1306 1.1951 0.8830 1.1434 0.9541
1307 1.3033 0.9709 1.2383 1.0272
1308 1.2439 0.9302 1.1992 0.9844
1309 1.1526 0.8395 1.1303 0.8914
1310 1.2444 0.8894 1.2152 0.9339
1311 1.3202 0.9603 1.2956 0.9923
1312 1.4139 1.0419 1.3596 1.0700
1313 1.5073 1.1363 1.4345 1.1529
1314 1.5599 1.1878 1.4588 1.2099
1315 1.6838 1.2898 1.5602 1.3006
1316 1.7303 1.3366 1.5720 1.3547
1317 1.8534 1.4337 1.6731 1.4357
1318 1.8856 1.4684 1.6658 1.4918
1319 1.9886 1.5673 1.7375 1.5757
1320 2.0365 1.6153 1.7679 1.6148
1321 2.0021 1.5976 1.7108 1.6113
1322 1.8743 1.4913 1.6153 1.5232
1323 1.8658 1.4818 1.6354 1.5014
1324 1.8183 1.4531 1.5886 1.4922
1325 1.7126 1.3568 1.4892 1.4130
1326 1.6894 1.3336 1.4970 1.3720
1327 1.7140 1.3708 1.5343 1.3942
1328 1.6370 1.3066 1.4514 1.3543
1329 1.5548 1.2285 1.3848 1.2720
1330 1.5866 1.2612 1.4383 1.2836
1331 1.5688 1.2684 1.4232 1.2843
1332 1.4590 1.1716 1.3172 1.1977
1333 1.4268 1.1239 1.3181 1.1623
1334 1.4191 1.1237 1.3532 1.1469
1335 1.4836 1.1596 1.4258 1.1706
1336 1.5680 1.2216 1.4704 1.2362
1337 1.6914 1.3212 1.5723 1.3280
1338 1.7771 1.3919 1.6204 1.4008
1339 1.8941 1.4816 1.7277 1.4683
1340 1.9761 1.5602 1.7870 1.5513
1341 2.0246 1.5814 1.8287 1.5654
1342 2.1340 1.6523 1.9297 1.6528
1343 2.1787 1.6802 1.9313 1.7026
1344 2.2153 1.7016 1.9805 1.7108
1345 2.1097 1.6437 1.9129 1.6111
1346 2.1846 1.6766 2.0212 1.6344
1347 2.1233 1.6414 1.9796 1.5902
1348 2.0149 1.5699 1.8855 1.5055
1349 2.0320 1.5641 1.9170 1.4905
1350 2.0474 1.5912 1.9316 1.5108
1351 1.9549 1.5283 1.8399 1.4725
1352 1.8837 1.4458 1.7730 1.3897
1353 1.9274 1.4791 1.8239 1.3948
1354 1.9233 1.5039 1.8176 1.4290
1355 1.8099 1.4133 1.7114 1.3675
1356 1.7752 1.3525 1.6803 1.3009
1357 1.8254 1.4110 1.7213 1.3383
1358 1.7720 1.4029 1.6771 1.3429
1359 1.6524 1.2929 1.5826 1.2579
1360 1.6792 1.2942 1.5899 1.2359
1361 1.7272 1.3688 1.6275 1.2923
1362 1.6116 1.3044 1.5313 1.2304
1363 1.4915 1.2183 1.4420 1.1511
1364 1.4040 1.1560 1.3396 1.0805
1365 1.2685 1.0572 1.2348 0.9934
1366 1.1430 0.9767 1.1414 0.9152
1367 1.0381 0.9104 1.0295 0.8459
1368 0.9229 0.8301 0.9589 0.7740
1369 0.8075 0.7561 0.8528 0.7019
1370 0.8415 0.7975 0.8490 0.7352
1371 0.7707 0.7547 0.7585 0.6904
1372 0.8038 0.7819 0.7481 0.7149
1373 0.8567 0.8232 0.7536 0.7467
1374 0.9130 0.8731 0.8298 0.7907
1375 1.0251 0.9649 0.9256 0.8801
1376 1.1142 1.0219 1.0224 0.9352
1377 1.2453 1.1176 1.1307 1.0253
1378 1.3171 1.1553 1.2089 1.0672
1379 1.4386 1.2288 1.3117 1.1454
1380 1.5036 1.2657 1.3893 1.1807
1381 1.5971 1.3397 1.4775 1.2337
1382 1.6629 1.3708 1.5511 1.2721
1383 1.7852 1.4475 1.6542 1.3532
1384 1.8191 1.4679 1.6666 1.3694
1385 1.7488 1.4982 1.5989 1.3298
1386 1.7571 1.4848 1.5915 1.3521
1387 1.6510 1.3968 1.4923 1.2901
1388 1.6318 1.3901 1.4798 1.2807
1389 1.5522 1.3234 1.3945 1.2331
1390 1.4733 1.2601 1.3360 1.1801
1391 1.4776 1.2516 1.3619 1.1756
1392 1.3807 1.1765 1.3014 1.1090
1393 1.4749 1.2398 1.3927 1.1649
1394 1.5876 1.3191 1.4928 1.2278
1395 1.6810 1.3863 1.5747 1.2986
1396 1.8099 1.4618 1.6737 1.3706
1397 1.7630 1.4155 1.6439 1.3114
1398 1.8206 1.4155 1.6969 1.3236
1399 1.7709 1.3399 1.6656 1.2552
1400 1.7392 1.3102 1.6456 1.2255
1401 1.7175 1.3358 1.6171 1.2368
1402 1.6078 1.2688 1.5288 1.1712
1403 1.5582 1.2637 1.4759 1.1730
1404 1.4578 1.2175 1.3860 1.1202
1405 1.3889 1.1746 1.3081 1.0881
1406 1.3460 1.1589 1.2465 1.0679
1407 1.2374 1.0878 1.1472 1.0017
1408 1.2057 1.0855 1.0899 0.9910
1409 1.0816 1.0059 0.9855 0.9101
1410 1.0699 1.0081 0.9366 0.9115
1411 0.9650 0.9271 0.8246 0.8350
1412 0.9797 0.9298 0.8003 0.8379
1413 0.9312 0.8901 0.7221 0.7973
1414 0.8250 0.8044 0.6278 0.7203
1415 0.7440 0.7228 0.5877 0.6537
1416 0.6715 0.6458 0.5042 0.5797
1417 0.6173 0.6125 0.5200 0.5532
1418 0.6455 0.6506 0.5429 0.5854
1419 0.6336 0.6418 0.6237 0.5815
1420 0.6724 0.6564 0.6809 0.6062
1421 0.7490 0.6986 0.7866 0.6439
1422 0.8328 0.7572 0.8740 0.7090
1423 0.9426 0.8110 0.9793 0.7636
1424 1.0618 0.8957 1.0813 0.8501
1425 1.1319 0.9250 1.1745 0.8908
1426 1.2623 1.0325 1.2685 0.9773
1427 1.3164 1.0532 1.2710 0.9966
1428 1.3944 1.0606 1.3185 1.0155
1429 1.3264 1.0182 1.3160 0.9674
1430 1.2571 0.9216 1.2530 0.8859
1431 1.2152 0.9258 1.2576 0.8829
1432 1.1310 0.8871 1.1781 0.8451
1433 1.0718 0.8759 1.1297 0.8237
1434 0.9385 0.7922 0.9871 0.7428
1435 0.8943 0.8000 0.9251 0.7451
1436 0.7956 0.7284 0.8209 0.6769
1437 0.7759 0.7588 0.7652 0.6955
1438 0.7304 0.7487 0.6808 0.6680
1439 0.7512 0.7832 0.6490 0.6964
1440 0.7653 0.8390 0.6341 0.7245
1441 0.8022 0.8493 0.6061 0.7419
1442 0.7787 0.8587 0.5535 0.7332
1443 0.8277 0.9318 0.5913 0.7772
1444 0.7830 0.9244 0.5703 0.7518
1445 0.8304 0.9881 0.5652 0.8051
1446 0.7898 0.9090 0.5148 0.7569
1447 0.7335 0.8693 0.4988 0.7276
1448 0.7926 0.9601 0.5316 0.7857
1449 0.8375 0.9714 0.5383 0.8025
1450 0.8966 1.0130 0.5821 0.8384
1451 0.9273 0.9719 0.5958 0.8357
1452 1.0303 1.0449 0.6696 0.9090
1453 1.0628 1.1284 0.6932 0.9596
1454 1.1775 1.2373 0.7836 1.0594
1455 1.1921 1.2476 0.7780 1.0637
1456 1.1740 1.1728 0.7585 0.9768
1457 1.2958 1.2108 0.8205 1.0044
1458 1.2974 1.2371 0.8713 0.9989
1459 1.1617 1.1459 0.7976 0.9111
1460 1.1455 1.0902 0.7321 0.8794
1461 1.0602 1.0395 0.6699 0.8507
1462 0.9697 0.9935 0.6052 0.8356
1463 0.9883 1.0642 0.6233 0.9018
1464 0.9241 1.0121 0.5847 0.8622
1465 0.9542 1.0768 0.6256 0.9063
1466 1.0583 1.1771 0.6996 0.9936
1467 1.0945 1.1451 0.7072 0.9592
1468 1.0776 1.0903 0.6890 0.9148
1469 1.0184 0.9974 0.6428 0.8277
1470 1.0956 0.9980 0.7192 0.8128
1471 1.1156 0.9480 0.7346 0.7549
1472 1.1649 0.9136 0.7900 0.7061
1473 1.2638 0.9678 0.8659 0.7539
1474 1.2696 1.0178 0.8330 0.8213
1475 1.2887 1.0370 0.8517 0.8609
1476 1.3130 1.1057 0.8565 0.9465
1477 1.2652 1.1504 0.8207 0.9949
1478 1.2509 1.1773 0.7976 1.0031
1479 1.2596 1.1144 0.8046 0.9268
1480 1.3905 1.1739 0.8592 0.9856
1481 1.4376 1.1192 0.9132 0.9298
1482 1.4237 1.0601 0.8915 0.8690
1483 1.4593 1.0746 0.8165 0.9018
1484 1.4184 1.0453 0.8773 0.9391
1485 1.4128 1.0793 0.9844 0.9294
1486 1.3839 1.0373 1.0429 0.9451
1487 1.4285 1.1263 0.9683 0.9613
1488 1.4321 1.1737 0.9162 0.9095
1489 1.4371 1.0992 0.9078 0.8851
1490 1.4046 1.1424 0.9079 0.9354
1491 1.3638 1.0831 0.8562 0.8804
1492 1.3139 1.0308 0.8283 0.7794
1493 1.3012 0.9782 0.7481 0.7188
1494 1.3158 0.9730 0.7349 0.6966
1495 1.2759 0.9526 0.6952 0.6950
1496 1.2648 0.9545 0.7092 0.7287
1497 1.2316 0.9655 0.6929 0.7789
1498 1.2156 0.9740 0.6918 0.7939
1499 1.1205 0.9601 0.6814 0.7751
1500 1.1525 0.9300 0.6767 0.7158
1501 1.2115 0.9048 0.6704 0.7017
1502 1.2977 0.9468 0.6914 0.7127
1503 1.3501 0.9736 0.7453 0.7328
1504 1.3518 0.9607 0.7463 0.7312
1505 1.4108 0.9753 0.7530 0.7531
1506 1.4545 1.0321 0.8086 0.8178
1507 1.4564 1.0615 0.8121 0.8245
1508 1.4534 1.0621 0.7948 0.8307
1509 1.4087 1.0301 0.7782 0.8067
1510 1.4587 1.0733 0.8268 0.8594
1511 1.4372 1.0863 0.8395 0.8531
1512 1.3864 1.0634 0.8046 0.8074
1513 1.4064 1.0415 0.8305 0.8001
1514 1.4053 1.0293 0.8162 0.7931
1515 1.4878 1.0852 0.8767 0.8687
1516 1.5055 1.0864 0.8857 0.8853
1517 1.5563 1.1123 0.9000 0.9486
1518 1.6606 1.1924 0.9940 1.0619
1519 1.6889 1.2136 1.0292 1.1004
1520 1.7960 1.3079 1.1120 1.2099
1521 1.7771 1.2992 1.1381 1.1945
1522 1.7614 1.2545 1.1294 1.1909
1523 1.6738 1.1905 1.0656 1.0798
1524 1.5571 1.1212 0.9686 0.9588
1525 1.5087 1.1167 0.9309 0.8947
1526 1.4397 1.0760 0.8843 0.8121
1527 1.3890 1.0365 0.8331 0.7405
1528 1.3487 0.9931 0.7834 0.7183
1529 1.4156 1.0291 0.8352 0.7900
1530 1.3989 1.0215 0.8276 0.7924
1531 1.4727 1.0833 0.9019 0.8852
1532 1.5357 1.1390 0.9966 0.9822
1533 1.6404 1.2302 1.1177 1.1171
1534 1.6144 1.2282 1.1327 1.1382
1535 1.5837 1.1535 1.0343 1.0733
1536 1.6069 1.2056 1.0481 1.1352
1537 1.5483 1.2452 1.0954 1.2016
1538 1.5672 1.3495 1.2223 1.3201
1539 1.5595 1.4061 1.2893 1.4204
1540 1.6986 1.4851 1.3870 1.4976
1541 1.7557 1.5207 1.4140 1.4984
1542 1.7949 1.4559 1.3473 1.4278
1543 1.7234 1.3798 1.2443 1.3443
1544 1.7484 1.3866 1.2209 1.3747
1545 1.8360 1.4806 1.3290 1.5066
1546 1.8964 1.5173 1.3794 1.5342
1547 1.9215 1.5375 1.3537 1.5502
1548 1.8521 1.4598 1.2883 1.4338
1549 1.7898 1.3953 1.2096 1.3301
1550 1.6950 1.2961 1.1102 1.2070
1551 1.6528 1.2351 1.0393 1.1091
1552 1.5396 1.1425 0.9513 0.9925
1553 1.5486 1.1458 0.9658 1.0363
1554 1.6006 1.2062 1.0046 1.1204
1555 1.6876 1.2979 1.0879 1.2432
1556 1.7442 1.3500 1.1106 1.2916
1557 1.8236 1.4355 1.1894 1.4251
1558 1.9298 1.5013 1.2664 1.5239
1559 1.9953 1.5469 1.2832 1.5923
1560 2.0471 1.6262 1.3273 1.6929
1561 1.9287 1.5373 1.2737 1.6064
1562 1.8438 1.4736 1.2006 1.5356
1563 1.7584 1.4292 1.1597 1.4657
1564 1.6713 1.3427 1.1037 1.3505
1565 1.7052 1.3752 1.1737 1.3860
1566 1.8047 1.4483 1.2203 1.4757
1567 1.8552 1.5127 1.3002 1.5720
1568 1.8821 1.5526 1.2780 1.6308
1569 1.9326 1.5908 1.3061 1.6873
1570 1.9804 1.5994 1.2927 1.7034
1571 2.0531 1.6224 1.3342 1.7421
1572 1.9960 1.5533 1.3457 1.7555
1573 2.1184 1.6183 1.3956 1.7782
1574 2.0697 1.5972 1.3905 1.7465
1575 1.9766 1.5219 1.3662 1.7355
1576 2.0599 1.5626 1.3884 1.7690
1577 2.1053 1.5719 1.4069 1.7724
1578 2.2089 1.6242 1.4360 1.7769
1579 2.1263 1.5460 1.4175 1.7614
1580 2.0581 1.5364 1.3960 1.7543
1581 1.9506 1.4872 1.3627 1.7527
1582 1.8979 1.4554 1.3507 1.7545
1583 1.8770 1.4419 1.3544 1.7288
1584 1.8827 1.4423 1.3674 1.7305
1585 1.8384 1.4053 1.3304 1.7423
1586 1.8078 1.3803 1.3273 1.6973
1587 1.7711 1.3603 1.3242 1.6945
1588 1.7726 1.3591 1.3108 1.6991
1589 1.8333 1.4221 1.3180 1.7032
1590 1.8219 1.4350 1.2950 1.6815
1591 1.8851 1.5073 1.3008 1.6896
1592 1.9535 1.5389 1.3355 1.7127
1593 1.9203 1.5262 1.3406 1.7148
1594 1.8651 1.4615 1.3380 1.7151
1595 1.8002 1.4138 1.3173 1.6980
1596 1.7767 1.3867 1.3288 1.6848
1597 1.7148 1.3180 1.3043 1.6969
1598 1.7004 1.3012 1.3165 1.6721
1599 1.7029 1.3336 1.3356 1.6467
1600 1.7706 1.3926 1.3670 1.6136
1601 1.8007 1.4044 1.3687 1.6310
1602 1.8840 1.4614 1.3900 1.6386
1603 1.9392 1.5161 1.4121 1.6469
1604 1.9572 1.5360 1.4097 1.6873
1605 1.9076 1.5028 1.3903 1.6923
1606 1.8667 1.4553 1.3762 1.6725
1607 1.8895 1.4924 1.4129 1.6456
1608 1.8971 1.4903 1.4186 1.5933
1609 1.8214 1.4459 1.3995 1.5814
1610 1.8232 1.4674 1.4214 1.5498
1611 1.7281 1.4106 1.3890 1.5592
1612 1.6808 1.3691 1.3586 1.5781
1613 1.6133 1.3486 1.3445 1.5801
1614 1.6501 1.4048 1.3891 1.5952
1615 1.6762 1.4321 1.4214 1.6206
1616 1.5994 1.4035 1.4135 1.6322
1617 1.5378 1.3385 1.3393 1.6048
1618 1.5746 1.3334 1.3439 1.6083
1619 1.5686 1.3650 1.3950 1.6534
1620 1.5115 1.3274 1.3630 1.6609
1621 1.5388 1.2962 1.3433 1.6600
1622 1.5136 1.3159 1.3803 1.6629
1623 1.4270 1.3222 1.3728 1.6663
1624 1.3637 1.2757 1.3285 1.6770
1625 1.3828 1.2592 1.3269 1.6755
1626 1.3659 1.2898 1.3416 1.6837
1627 1.3168 1.3059 1.3051 1.6969
1628 1.3216 1.3092 1.2747 1.7350
1629 1.2998 1.2930 1.2314 1.7854
1630 1.2784 1.2628 1.1664 1.7506
1631 1.2955 1.2401 1.1486 1.7570
1632 1.3697 1.2395 1.1843 1.8032
1633 1.4139 1.2502 1.2410 1.6803
1634 1.5154 1.3033 1.2712 1.5843
1635 1.4751 1.3449 1.2719 1.5857
1636 1.5483 1.3157 1.2823 1.6195
1637 1.6767 1.3107 1.3732 1.6508
1638 1.5945 1.3162 1.3615 1.6684
1639 1.4731 1.3052 1.3570 1.6681
1640 1.5363 1.3544 1.3189 1.6607
1641 1.6448 1.4144 1.4012 1.6802
1642 1.7115 1.4502 1.4691 1.6843
1643 1.6435 1.4208 1.4404 1.6663
1644 1.6510 1.4258 1.4505 1.6644
1645 1.6345 1.4344 1.4742 1.6714
1646 1.5734 1.4286 1.5017 1.6731
1647 1.4660 1.4180 1.4602 1.6767
1648 1.4739 1.4766 1.5163 1.7009
1649 1.4242 1.4688 1.4986 1.7133
1650 1.4949 1.5461 1.5460 1.7410
1651 1.5088 1.5707 1.5478 1.7643
1652 1.5689 1.5828 1.5460 1.7686
1653 1.6739 1.6144 1.5611 1.7553
1654 1.8037 1.7205 1.6097 1.8010
1655 1.8435 1.7279 1.6282 1.7715
1656 1.8217 1.6610 1.6054 1.7406
1657 1.8888 1.6943 1.5794 1.7538
1658 1.9696 1.7628 1.6110 1.8007
1659 1.9288 1.7530 1.5992 1.7797
1660 1.8048 1.6558 1.5495 1.7283
1661 1.7126 1.5583 1.4841 1.6580
1662 1.6414 1.5423 1.4634 1.6536
1663 1.5264 1.4443 1.3996 1.6377
1664 1.4468 1.4112 1.3980 1.6630
1665 1.3791 1.3553 1.4016 1.7033
1666 1.3225 1.3463 1.3704 1.7335
1667 1.2729 1.3310 1.3275 1.7656
1668 1.2285 1.3248 1.3012 1.8220
1669 1.2044 1.3893 1.3067 1.8312
1670 1.2435 1.3894 1.3276 1.7863
1671 1.2768 1.4237 1.3395 1.7586
1672 1.3471 1.4162 1.3740 1.7161
1673 1.3674 1.3945 1.3786 1.6970
1674 1.4475 1.4388 1.4145 1.6872
1675 1.4920 1.4530 1.4342 1.6700
1676 1.5988 1.5226 1.4800 1.6772
1677 1.6381 1.5218 1.4722 1.6647
1678 1.7480 1.6009 1.5113 1.7008
1679 1.7786 1.6138 1.5350 1.7117
1680 1.7077 1.6321 1.4662 1.7564
1681 1.7390 1.6787 1.5559 1.7624
1682 1.7380 1.6688 1.5342 1.7345
1683 1.7355 1.6282 1.5646 1.7066
1684 1.6720 1.5560 1.4806 1.6926
1685 1.6874 1.5583 1.5925 1.6932
1686 1.6250 1.5052 1.5585 1.6879
1687 1.5637 1.4716 1.4841 1.6752
1688 1.5278 1.4984 1.4994 1.6945
1689 1.4400 1.4541 1.4320 1.6823
1690 1.4329 1.4789 1.4458 1.7083
1691 1.3929 1.4702 1.4487 1.7233
1692 1.3657 1.4743 1.4091 1.7486
1693 1.3415 1.4433 1.3743 1.7335
1694 1.3696 1.4749 1.3803 1.7298
1695 1.3021 1.4894 1.3562 1.7699
1696 1.3116 1.5230 1.3810 1.7363
1697 1.3404 1.5591 1.3657 1.7881
1698 1.3129 1.5543 1.3982 1.7047
1699 1.3194 1.5649 1.4033 1.6673
1700 1.3049 1.5692 1.3555 1.7126
1701 1.4065 1.5913 1.2961 1.7074
1702 1.4884 1.5665 1.3024 1.7614
1703 1.5138 1.6120 1.3502 1.7892
1704 1.4664 1.6357 1.3429 1.7383
1705 1.4668 1.5936 1.3148 1.7157
1706 1.5295 1.6687 1.3366 1.7654
1707 1.5201 1.6775 1.3684 1.7634
1708 1.4744 1.5853 1.3418 1.7066
1709 1.5096 1.5909 1.3271 1.7177
1710 1.5555 1.6724 1.3678 1.7627
1711 1.5159 1.6336 1.3822 1.7389
1712 1.5019 1.5596 1.3572 1.7005
1713 1.5623 1.6220 1.3668 1.7401
1714 1.5689 1.6801 1.4020 1.7737
1715 1.5234 1.6177 1.4187 1.7481
1716 1.5421 1.5888 1.4030 1.7344
1717 1.6026 1.6723 1.4068 1.7736
1718 1.5959 1.7022 1.4448 1.8042
1719 1.5619 1.6294 1.4495 1.7837
1720 1.6072 1.6393 1.4289 1.7778
1721 1.6495 1.7268 1.4592 1.8257
1722 1.6129 1.7124 1.4893 1.8304
1723 1.5970 1.6432 1.4682 1.7949
1724 1.6554 1.6985 1.4640 1.8234
1725 1.6702 1.7601 1.5213 1.8571
1726 1.6261 1.7119 1.5251 1.8458
1727 1.6447 1.6761 1.4744 1.8353
1728 1.6995 1.7585 1.5084 1.8755
1729 1.6870 1.7885 1.5639 1.8964
1730 1.6588 1.7139 1.5351 1.8774
1731 1.7157 1.7336 1.5009 1.8863
1732 1.7573 1.8378 1.5760 1.9317
1733 1.7230 1.8199 1.5998 1.9325
1734 1.7299 1.7602 1.5418 1.9136
1735 1.7986 1.8431 1.5606 1.9454
1736 1.8067 1.9251 1.6455 1.9850
1737 1.7739 1.8719 1.6225 1.9649
1738 1.8184 1.8608 1.5707 1.9551
1739 1.8747 1.9781 1.6324 2.0091
1740 1.8591 2.0084 1.6972 2.0268
1741 1.8505 1.9509 1.6354 1.9982
1742 1.9180 2.0021 1.6107 2.0135
1743 1.9538 2.1137 1.7074 2.0651
1744 1.9298 2.1025 1.7282 2.0658
1745 1.9613 2.0729 1.6592 2.0422
1746 2.0345 2.1788 1.7016 2.0786
1747 2.0366 2.2557 1.7919 2.1244
1748 2.0200 2.2176 1.7648 2.1099
1749 2.0837 2.2360 1.7309 2.0993
1750 2.1441 2.3655 1.8160 2.1550
1751 2.1286 2.4052 1.8725 2.1874
1752 2.1519 2.3480 1.8214 2.1612
1753 2.1929 2.3581 1.8606 2.1322
1754 2.2181 2.2866 1.8229 2.0876
1755 2.1658 2.1970 1.8035 1.9951
1756 2.2160 2.1450 1.8652 1.9789
1757 2.2690 2.1922 1.8957 1.9693
1758 2.3643 2.2342 1.8492 1.9162
1759 2.4228 2.2618 1.9016 1.9320
1760 2.5373 2.3142 2.0100 2.0114
1761 2.6253 2.3905 2.1158 2.0837
1762 2.6535 2.4878 2.2534 2.2046
1763 2.5341 2.5080 2.3244 2.1963
1764 2.4622 2.6270 2.3660 2.2331
1765 2.4126 2.7048 2.5104 2.2029
1766 2.3746 2.7693 2.6680 2.1589
1767 2.3312 2.9217 2.7626 2.1789
1768 2.4130 3.0100 2.9603 2.1978
1769 2.4776 3.1882 3.0810 2.2559
1770 2.5517 3.3168 3.2486 2.3380
