1 0.1994
2 0.2188
3 0.1937
4 0.2586
5 0.2629
6 0.3472
7 0.3825
8 0.3575
9 0.4016
10 0.4326
11 0.4718
12 0.5281
13 0.5831
14 0.6535
15 0.6413
16 0.6350
17 0.6281
18 0.5486
19 0.5205
20 0.4376
21 0.4595
22 0.4419
23 0.4029
24 0.3881
25 0.3724
26 0.4197
27 0.4097
28 0.4676
29 0.4828
30 0.4520
31 0.3940
32 0.4053
33 0.3788
34 0.4319
35 0.4195
36 0.4678
37 0.4815
38 0.5304
39 0.5765
40 0.6275
41 0.6715
42 0.7027
43 0.7872
44 0.8404
45 0.9197
46 0.9678
47 0.9053
48 0.8716
49 0.7934
50 0.7751
51 0.7038
52 0.6717
53 0.6075
54 0.5792
55 0.5440
56 0.5089
57 0.5008
58 0.4565
59 0.5031
60 0.5068
61 0.5502
62 0.5094
63 0.5690
64 0.6091
65 0.5935
66 0.6435
67 0.6611
68 0.6775
69 0.7658
70 0.7991
71 0.8813
72 0.8752
73 0.9734
74 1.0174
75 1.0830
76 1.1538
77 1.2296
78 1.2898
79 1.3189
80 1.3801
81 1.3761
82 1.3057
83 1.2549
84 1.1666
85 1.1020
86 1.0143
87 0.9629
88 0.8864
89 0.8794
90 0.8076
91 0.7778
92 0.6925
93 0.6757
94 0.5887
95 0.5654
96 0.5324
97 0.5165
98 0.4888
99 0.4772
100 0.4796
101 0.4812
102 0.5284
103 0.5686
104 0.5598
105 0.5946
106 0.6080
107 0.6457
108 0.6985
109 0.7124
110 0.7617
111 0.8283
112 0.9132
113 0.9911
114 1.0859
115 1.1693
116 1.2537
117 1.3372
118 1.4167
119 1.4057
120 1.3348
121 1.2407
122 1.1648
123 1.1137
124 1.0371
125 0.9540
126 0.8637
127 0.8752
128 0.7943
129 0.7803
130 0.7143
131 0.7228
132 0.6871
133 0.6727
134 0.6412
135 0.6424
136 0.6552
137 0.7125
138 0.7549
139 0.7638
140 0.7808
141 0.8034
142 0.8227
143 0.8113
144 0.8482
145 0.8659
146 0.9119
147 0.9813
148 1.0668
149 1.1551
150 1.2003
151 1.2429
152 1.2138
153 1.3041
154 1.3034
155 1.2187
156 1.2659
157 1.3583
158 1.3008
159 1.2489
160 1.1564
161 1.1639
162 1.1029
163 1.0464
164 0.9567
165 0.9668
166 0.8879
167 0.8276
168 0.7598
169 0.7373
170 0.6670
171 0.6205
172 0.5532
173 0.5568
174 0.5199
175 0.5320
176 0.5249
177 0.4837
178 0.5474
179 0.5679
180 0.6206
181 0.6248
182 0.6323
183 0.6581
184 0.6602
185 0.7183
186 0.7050
187 0.7857
188 0.8317
189 0.9175
190 0.8998
191 0.8012
192 0.8192
193 0.7635
194 0.8012
195 0.7401
196 0.7591
197 0.7305
198 0.7379
199 0.6971
200 0.6693
201 0.6981
202 0.7773
203 0.7854
204 0.7804
205 0.8366
206 0.9081
207 0.9041
208 0.9801
209 1.0027
210 1.0858
211 1.0818
212 1.0802
213 1.0863
214 1.0316
215 0.9695
216 0.9118
217 0.9357
218 0.8650
219 0.8474
220 0.8441
221 0.8603
222 0.8577
223 0.9296
224 0.9297
225 0.9274
226 0.9677
227 0.9217
228 0.8937
229 0.8322
230 0.8146
231 0.8386
232 0.7792
233 0.7234
234 0.6911
235 0.6930
236 0.6553
237 0.5938
238 0.5363
239 0.5359
240 0.4874
241 0.5006
242 0.4816
243 0.5339
244 0.5948
245 0.6596
246 0.7363
247 0.7141
248 0.5766
249 0.5698
250 0.6361
251 0.5939
252 0.6169
253 0.6081
254 0.5648
255 0.6033
256 0.5818
257 0.6271
258 0.5853
259 0.6476
260 0.7025
261 0.7517
262 0.7448
263 0.6666
264 0.6529
265 0.6234
266 0.6297
267 0.5983
268 0.6594
269 0.6427
270 0.6991
271 0.7275
272 0.7466
273 0.8279
274 0.7967
275 0.8239
276 0.7846
277 0.7476
278 0.7160
279 0.6995
280 0.6388
281 0.6537
282 0.5959
283 0.5990
284 0.5892
285 0.6170
286 0.5790
287 0.5059
288 0.5128
289 0.5152
290 0.5263
291 0.4845
292 0.4313
293 0.4347
294 0.3816
295 0.4020
296 0.3703
297 0.3724
298 0.3713
299 0.4193
300 0.4068
301 0.4495
302 0.4234
303 0.4438
304 0.4381
305 0.4359
306 0.4375
307 0.3969
308 0.4338
309 0.4040
310 0.4341
311 0.3831
312 0.4249
313 0.4319
314 0.4323
315 0.4200
316 0.4459
317 0.4060
318 0.4162
319 0.3479
320 0.3737
321 0.4730
322 0.4302
323 0.3704
324 0.3627
325 0.3135
326 0.3446
327 0.3659
328 0.3620
329 0.4270
330 0.4235
331 0.4884
332 0.4898
333 0.5294
334 0.6103
335 0.6270
336 0.6718
337 0.7202
338 0.7326
339 0.7181
340 0.6397
341 0.6545
342 0.6258
343 0.5358
344 0.5042
345 0.4376
346 0.4129
347 0.3322
348 0.3222
349 0.2619
350 0.2324
351 0.2055
352 0.2533
353 0.2968
354 0.2523
355 0.3058
356 0.2695
357 0.3066
358 0.3402
359 0.3179
360 0.2834
361 0.2379
362 0.2204
363 0.1640
364 0.1801
365 0.1832
366 0.1758
367 0.2413
368 0.2445
369 0.2999
370 0.2802
371 0.2714
372 0.2231
373 0.1840
374 0.1879
375 0.1662
376 0.2069
377 0.2156
378 0.2223
379 0.2745
380 0.2656
381 0.1915
382 0.1509
383 0.1636
384 0.2176
385 0.2424
386 0.2617
387 0.2242
388 0.1645
389 0.1487
390 0.1292
391 0.1361
392 0.1902
393 0.2149
394 0.2563
395 0.3136
396 0.3687
397 0.3836
398 0.3467
399 0.3115
400 0.3058
401 0.3219
402 0.2736
403 0.1944
404 0.1982
405 0.1571
406 0.1260
407 0.1540
408 0.1890
409 0.2549
410 0.3270
411 0.3765
412 0.4085
413 0.3943
414 0.4253
415 0.4014
416 0.3726
417 0.3030
418 0.2987
419 0.3479
420 0.3372
421 0.2762
422 0.2613
423 0.2165
424 0.1961
425 0.2241
426 0.2236
427 0.3039
428 0.3452
429 0.2885
430 0.3080
431 0.2330
432 0.1848
433 0.1772
434 0.2110
435 0.2025
436 0.2676
437 0.2779
438 0.3471
439 0.3775
440 0.4571
441 0.4724
442 0.4675
443 0.5051
444 0.4527
445 0.3912
446 0.3380
447 0.3014
448 0.2421
449 0.2488
450 0.2177
451 0.2769
452 0.3041
453 0.3171
454 0.3917
455 0.4147
456 0.4815
457 0.5343
458 0.5798
459 0.6522
460 0.7077
461 0.7741
462 0.8323
463 0.8899
464 0.9058
465 0.9595
466 0.9950
467 1.0612
468 1.0937
469 1.1529
470 1.1322
471 1.1282
472 1.0950
473 1.0773
474 1.1116
475 1.1069
476 1.1248
477 1.2238
478 1.2551
479 1.2504
480 1.2383
481 1.1617
482 1.0971
483 1.0589
484 1.0066
485 0.9496
486 0.8919
487 0.8322
488 0.7940
489 0.7286
490 0.6753
491 0.6173
492 0.5681
493 0.5164
494 0.4467
495 0.3811
496 0.3151
497 0.3473
498 0.4079
499 0.4752
500 0.5154
501 0.5678
502 0.5375
503 0.5908
504 0.5863
505 0.6203
506 0.6444
507 0.6791
508 0.7306
509 0.7652
510 0.8290
511 0.8496
512 0.7853
513 0.8083
514 0.8657
515 0.8752
516 0.8822
517 0.9514
518 0.9561
519 0.9263
520 0.9635
521 0.9357
522 0.9305
523 0.9166
524 0.9672
525 0.9651
526 0.9489
527 0.9662
528 0.9147
529 0.8768
530 0.8154
531 0.7906
532 0.7326
533 0.7322
534 0.7096
535 0.6827
536 0.6546
537 0.5865
538 0.5618
539 0.5407
540 0.5513
541 0.5200
542 0.5738
543 0.5996
544 0.6584
545 0.7140
546 0.7659
547 0.8180
548 0.8552
549 0.9157
550 0.9260
551 0.9827
552 1.0039
553 1.0442
554 1.1129
555 1.1385
556 1.1663
557 1.1241
558 1.0833
559 1.0847
560 1.0275
561 1.0378
562 1.0110
563 0.9379
564 0.8960
565 0.8732
566 0.8093
567 0.7800
568 0.7117
569 0.6675
570 0.6088
571 0.5758
572 0.5401
573 0.5382
574 0.5687
575 0.5712
576 0.5981
577 0.7058
578 0.7109
579 0.6748
580 0.6544
581 0.5606
582 0.5058
583 0.4510
584 0.3883
585 0.3739
586 0.4149
587 0.4036
588 0.4558
589 0.5273
590 0.5363
591 0.5719
592 0.6215
593 0.6883
594 0.7496
595 0.8221
596 0.8819
597 0.9348
598 1.0049
599 1.0498
600 1.0797
601 1.1221
602 1.1178
603 1.1993
604 1.2411
605 1.1809
606 1.1535
607 1.0894
608 1.0518
609 1.0281
610 1.0081
611 1.0261
612 0.9879
613 1.0070
614 0.9781
615 0.9977
616 0.9679
617 0.9775
618 0.9526
619 0.9668
620 0.9687
621 0.9548
622 0.9392
623 0.8897
624 0.8868
625 0.8564
626 0.8196
627 0.8095
628 0.7843
629 0.8184
630 0.8214
631 0.8499
632 0.8884
633 0.9012
634 0.9401
635 0.9440
636 0.9906
637 0.9808
638 1.0179
639 1.0283
640 1.0906
641 1.0830
642 1.0663
643 1.0255
644 0.9652
645 0.9200
646 0.8695
647 0.8807
648 0.8415
649 0.8465
650 0.8094
651 0.8044
652 0.7633
653 0.7436
654 0.7402
655 0.6978
656 0.7028
657 0.7268
658 0.7041
659 0.7211
660 0.7284
661 0.7571
662 0.8146
663 0.8705
664 0.9212
665 0.9777
666 0.9984
667 0.9571
668 0.9455
669 0.8934
670 0.8990
671 0.8390
672 0.8091
673 0.7602
674 0.7295
675 0.6814
676 0.6532
677 0.6337
678 0.5895
679 0.6054
680 0.6070
681 0.5799
682 0.6429
683 0.6747
684 0.7174
685 0.7248
686 0.7531
687 0.7880
688 0.8211
689 0.8904
690 0.9102
691 0.9134
692 0.9647
693 0.9863
694 1.0337
695 1.0968
696 1.1330
697 1.0716
698 1.0583
699 0.9867
700 0.9698
701 0.9131
702 0.8981
703 0.8483
704 0.8198
705 0.7869
706 0.7585
707 0.7632
708 0.7404
709 0.7544
710 0.7524
711 0.7830
712 0.8206
713 0.8312
714 0.8692
715 0.9328
716 0.9088
717 0.8540
718 0.8592
719 0.8465
720 0.8500
721 0.8666
722 0.8766
723 0.8907
724 0.8678
725 0.8821
726 0.8683
727 0.9197
728 0.9242
729 0.9499
730 0.9401
731 0.9236
732 0.9135
733 0.9279
734 0.9620
735 0.9170
736 0.9269
737 0.9171
738 0.9192
739 0.9191
740 0.9106
741 0.9342
742 0.9094
743 0.9391
744 0.9193
745 0.8693
746 0.8326
747 0.8269
748 0.7475
749 0.6195
750 0.5138
751 0.4091
752 0.3514
753 0.3147
754 0.3596
755 0.4553
756 0.4733
757 0.3759
758 0.4694
759 0.5916
760 0.7180
761 0.8171
762 0.9512
763 1.0612
764 1.2245
765 1.2551
766 1.3744
767 1.4833
768 1.5284
769 1.5815
770 1.5565
771 1.4392
772 1.3153
773 1.3324
774 1.2012
775 1.1419
776 1.0232
777 0.9105
778 0.7868
779 0.7129
780 0.5833
781 0.5413
782 0.4460
783 0.4746
784 0.4723
785 0.5456
786 0.6268
787 0.7163
788 0.8199
789 0.8494
790 0.9720
791 1.1162
792 1.1576
793 1.1269
794 1.0055
795 1.0376
796 0.9674
797 0.8443
798 0.7477
799 0.6253
800 0.5306
801 0.4534
802 0.3991
803 0.4399
804 0.4644
805 0.5839
806 0.6669
807 0.7592
808 0.8162
809 0.9046
810 0.8329
811 0.7282
812 0.7021
813 0.6765
814 0.7532
815 0.7126
816 0.8234
817 0.8137
818 0.7506
819 0.7921
820 0.7961
821 0.8536
822 0.9035
823 0.9867
824 0.8884
825 0.9061
826 0.7960
827 0.7957
828 0.7170
829 0.6876
830 0.7273
831 0.8237
832 0.8164
833 0.9148
834 0.9861
835 1.1068
836 1.2427
837 1.2958
838 1.2619
839 1.2579
840 1.3605
841 1.5488
842 1.6633
843 1.7205
844 1.9324
845 1.9887
846 1.9884
847 1.9677
848 2.0253
849 1.9998
850 1.9871
851 1.9868
852 1.9422
853 1.9233
854 1.8745
855 1.7847
856 1.7432
857 1.7184
858 1.5957
859 1.5760
860 1.5596
861 1.5598
862 1.5063
863 1.4552
864 1.4859
865 1.4002
866 1.2675
867 1.2026
868 1.1226
869 1.0478
870 1.0120
871 0.8846
872 0.8518
873 0.8441
874 0.7106
875 0.6080
876 0.6228
877 0.5024
878 0.4768
879 0.3924
880 0.3807
881 0.4044
882 0.4894
883 0.5236
884 0.5428
885 0.4907
886 0.5421
887 0.5226
888 0.5930
889 0.6534
890 0.7348
891 0.8495
892 0.8879
893 1.0175
894 1.0487
895 0.9812
896 1.0607
897 1.0168
898 0.9196
899 0.9050
900 0.7892
901 0.7600
902 0.6686
903 0.6389
904 0.6126
905 0.6041
906 0.6730
907 0.6753
908 0.7337
909 0.7430
910 0.8377
911 0.9222
912 0.9687
913 0.8629
914 0.8357
915 0.9657
916 0.9553
917 0.9180
918 0.9597
919 0.9531
920 0.8260
921 0.7005
922 0.5964
923 0.4592
924 0.4211
925 0.3303
926 0.3261
927 0.3104
928 0.3903
929 0.4668
930 0.5943
931 0.7112
932 0.8378
933 0.9421
934 1.0461
935 1.0589
936 1.1569
937 1.1924
938 1.3129
939 1.2693
940 1.2012
941 1.2677
942 1.0995
943 0.9122
944 0.8530
945 0.7808
946 0.6524
947 0.5488
948 0.4287
949 0.3491
950 0.2629
951 0.2690
952 0.2964
953 0.3871
954 0.4621
955 0.5914
956 0.6860
957 0.8285
958 0.9311
959 1.1085
960 1.2408
961 1.3021
962 1.3220
963 1.2281
964 1.2303
965 1.1125
966 1.1131
967 1.0583
968 1.1077
969 1.1726
970 1.1259
971 1.1118
972 1.1925
973 1.1950
974 1.1354
975 1.1800
976 1.2403
977 1.2043
978 1.1893
979 1.2638
980 1.2835
981 1.2379
982 1.2772
983 1.3463
984 1.3586
985 1.3385
986 1.3832
987 1.4488
988 1.4325
989 1.4311
990 1.4919
991 1.5146
992 1.4775
993 1.4957
994 1.5562
995 1.6292
996 1.4674
997 1.2985
998 1.2275
999 1.2554
1000 1.3316
1001 1.3571
1002 1.5379
1003 1.6673
1004 1.8565
1005 2.0339
1006 2.2227
1007 2.3960
1008 2.5806
1009 1.1218
1010 1.0440
1011 0.9665
1012 0.8759
1013 0.8820
1014 0.9448
1015 0.9180
1016 0.8370
1017 0.8348
1018 0.8883
1019 0.8549
1020 0.8239
1021 0.8069
1022 0.7272
1023 0.7395
1024 0.7948
1025 0.7406
1026 0.6899
1027 0.7494
1028 0.7590
1029 0.7485
1030 0.8330
1031 0.8432
1032 0.8666
1033 0.8931
1034 0.9671
1035 0.9635
1036 1.0364
1037 1.0784
1038 1.1362
1039 1.0879
1040 1.0950
1041 1.0887
1042 1.0374
1043 1.0180
1044 0.9877
1045 0.9757
1046 0.9187
1047 0.9525
1048 0.9551
1049 0.9720
1050 1.0481
1051 1.0703
1052 1.0579
1053 1.1105
1054 1.1755
1055 1.1692
1056 1.1872
1057 1.1006
1058 1.0935
1059 1.0289
1060 0.9720
1061 0.9712
1062 0.9312
1063 0.8443
1064 0.8083
1065 0.7296
1066 0.7306
1067 0.6610
1068 0.6436
1069 0.5808
1070 0.5478
1071 0.5045
1072 0.4227
1073 0.4098
1074 0.5102
1075 0.5181
1076 0.5988
1077 0.6138
1078 0.6298
1079 0.7124
1080 0.7078
1081 0.6665
1082 0.6701
1083 0.7028
1084 0.6690
1085 0.5964
1086 0.5282
1087 0.4790
1088 0.5425
1089 0.5327
1090 0.5655
1091 0.5249
1092 0.5262
1093 0.4945
1094 0.4179
1095 0.3867
1096 0.4373
1097 0.4431
1098 0.5013
1099 0.5520
1100 0.5718
1101 0.6141
1102 0.6065
1103 0.6220
1104 0.6446
1105 0.6287
1106 0.6296
1107 0.6280
1108 0.5952
1109 0.6208
1110 0.5794
1111 0.6172
1112 0.6137
1113 0.6577
1114 0.6652
1115 0.6786
1116 0.7483
1117 0.7472
1118 0.6735
1119 0.6663
1120 0.6990
1121 0.6846
1122 0.7442
1123 0.7362
1124 0.8124
1125 0.8179
1126 0.9289
1127 0.9563
1128 1.0144
1129 1.0516
1130 1.1510
1131 1.1831
1132 1.1407
1133 1.2297
1134 1.2969
1135 1.1885
1136 1.1240
1137 1.1705
1138 1.1437
1139 1.0595
1140 1.0632
1141 1.0870
1142 1.0252
1143 0.9705
1144 1.0348
1145 1.0436
1146 0.9617
1147 0.9278
1148 0.9900
1149 0.9899
1150 0.9020
1151 0.9164
1152 0.9227
1153 0.8564
1154 0.7970
1155 0.7906
1156 0.7507
1157 0.7729
1158 0.7538
1159 0.7983
1160 0.7884
1161 0.8113
1162 0.8174
1163 0.8562
1164 0.8358
1165 0.8997
1166 0.8009
1167 0.7696
1168 0.8577
1169 0.8521
1170 0.9050
1171 0.9172
1172 0.9115
1173 0.9735
1174 1.1031
1175 1.1160
1176 1.2326
1177 1.3271
1178 1.2982
1179 1.3251
1180 1.2441
1181 1.1520
1182 1.1920
1183 1.2235
1184 1.1624
1185 1.2602
1186 1.3252
1187 1.3686
1188 1.3951
1189 1.5017
1190 1.4220
1191 1.3420
1192 1.2285
1193 1.1400
1194 1.0813
1195 0.9834
1196 0.8992
1197 0.7861
1198 0.7741
1199 0.8020
1200 0.7654
1201 0.8401
1202 0.8104
1203 0.7394
1204 0.7300
1205 0.7753
1206 0.8075
1207 0.8805
1208 0.9430
1209 1.0006
1210 0.9497
1211 0.9383
1212 1.0335
1213 1.0501
1214 0.9907
1215 1.0236
1216 1.1107
1217 1.0933
1218 1.0612
1219 1.1330
1220 1.1173
1221 1.0845
1222 1.0829
1223 0.9966
1224 1.0172
1225 0.9732
1226 0.9901
1227 0.9003
1228 0.8485
1229 0.7673
1230 0.7701
1231 0.6642
1232 0.6336
1233 0.6839
1234 0.6440
1235 0.5603
1236 0.5841
1237 0.6181
1238 0.5440
1239 0.4863
1240 0.5326
1241 0.5029
1242 0.5344
1243 0.6099
1244 0.6361
1245 0.6153
1246 0.5698
1247 0.5427
1248 0.4709
1249 0.5148
1250 0.5829
1251 0.6224
1252 0.6167
1253 0.6884
1254 0.6984
1255 0.7814
1256 0.7993
1257 0.8802
1258 0.9004
1259 0.9592
1260 0.8921
1261 0.8187
1262 0.7699
1263 0.7054
1264 0.6294
1265 0.5448
1266 0.5411
1267 0.6375
1268 0.6326
1269 0.5870
1270 0.6537
1271 0.6888
1272 0.6545
1273 0.6140
1274 0.5790
1275 0.4987
1276 0.4542
1277 0.4610
1278 0.4135
1279 0.4411
1280 0.4457
1281 0.5145
1282 0.5842
1283 0.6480
1284 0.6967
1285 0.7405
1286 0.8041
1287 0.7586
1288 0.7726
1289 0.7064
1290 0.7200
1291 0.6363
1292 0.6823
1293 0.7179
1294 0.6371
1295 0.5813
1296 0.5641
1297 0.5806
1298 0.5206
1299 0.4983
1300 0.5220
1301 0.4546
1302 0.4362
1303 0.4888
1304 0.4722
1305 0.4044
1306 0.4262
1307 0.4879
1308 0.4424
1309 0.3710
1310 0.4263
1311 0.4785
1312 0.5532
1313 0.6300
1314 0.6758
1315 0.7625
1316 0.8013
1317 0.8916
1318 0.9239
1319 0.9996
1320 1.0242
1321 0.9989
1322 0.9129
1323 0.9038
1324 0.8684
1325 0.8004
1326 0.7847
1327 0.7981
1328 0.7449
1329 0.6835
1330 0.6985
1331 0.6896
1332 0.6153
1333 0.6062
1334 0.6111
1335 0.6333
1336 0.6855
1337 0.7681
1338 0.8325
1339 0.9119
1340 0.9836
1341 1.0185
1342 1.1096
1343 1.1402
1344 1.1907
1345 1.1183
1346 1.1708
1347 1.1062
1348 1.0265
1349 1.0281
1350 1.0355
1351 0.9697
1352 0.9039
1353 0.9310
1354 0.9346
1355 0.8524
1356 0.8028
1357 0.8439
1358 0.8321
1359 0.7384
1360 0.7403
1361 0.7977
1362 0.7303
1363 0.6589
1364 0.5958
1365 0.5229
1366 0.4380
1367 0.3670
1368 0.2762
1369 0.2227
1370 0.2855
1371 0.2971
1372 0.3214
1373 0.3985
1374 0.4142
1375 0.4505
1376 0.4882
1377 0.5767
1378 0.6081
1379 0.7015
1380 0.7279
1381 0.7865
1382 0.8147
1383 0.9022
1384 0.9270
1385 0.8993
1386 0.9193
1387 0.8476
1388 0.8389
1389 0.8014
1390 0.7336
1391 0.7118
1392 0.6269
1393 0.6742
1394 0.7457
1395 0.7950
1396 0.8625
1397 0.8324
1398 0.8582
1399 0.7944
1400 0.7811
1401 0.7980
1402 0.7443
1403 0.7283
1404 0.6868
1405 0.6470
1406 0.6520
1407 0.5821
1408 0.5971
1409 0.5296
1410 0.5517
1411 0.5135
1412 0.5270
1413 0.5543
1414 0.5215
1415 0.4423
1416 0.4366
1417 0.4013
1418 0.4682
1419 0.3797
1420 0.3198
1421 0.2860
1422 0.2771
1423 0.3058
1424 0.3883
1425 0.4308
1426 0.5056
1427 0.5183
1428 0.5412
1429 0.5234
1430 0.4426
1431 0.4410
1432 0.3960
1433 0.3845
1434 0.3227
1435 0.3625
1436 0.3506
1437 0.4148
1438 0.4594
1439 0.5158
1440 0.5929
1441 0.6107
1442 0.6599
1443 0.7379
1444 0.7607
1445 0.8291
1446 0.7783
1447 0.7737
1448 0.8587
1449 0.8711
1450 0.9368
1451 0.9217
1452 0.9956
1453 1.0382
1454 1.1296
1455 1.1163
1456 1.0594
1457 1.1209
1458 1.1380
1459 1.0768
1460 1.0279
1461 0.9526
1462 0.9115
1463 0.9466
1464 0.8820
1465 0.8979
1466 0.9777
1467 0.9603
1468 0.9528
1469 0.8806
1470 0.9129
1471 0.9005
1472 0.8819
1473 0.9353
1474 0.9685
1475 0.9686
1476 1.0083
1477 1.0163
1478 1.0540
1479 1.0228
1480 1.0902
1481 1.0606
1482 1.0258
1483 0.9528
1484 1.0114
1485 1.0118
1486 1.0813
1487 1.1252
1488 1.0957
1489 1.1843
1490 1.1556
1491 1.0137
1492 1.0571
1493 1.0480
1494 0.9805
1495 0.9929
1496 1.0104
1497 1.0949
1498 1.1699
1499 1.0993
1500 1.0169
1501 0.9634
1502 0.9547
1503 0.8938
1504 0.8710
1505 0.8621
1506 0.7951
1507 0.8278
1508 0.8783
1509 0.9373
1510 0.9485
1511 1.0098
1512 1.0129
1513 0.9173
1514 0.8770
1515 0.8242
1516 0.7781
1517 0.7480
1518 0.6917
1519 0.6436
1520 0.5892
1521 0.5585
1522 0.6133
1523 0.6474
1524 0.6983
1525 0.7254
1526 0.7860
1527 0.8481
1528 0.8725
1529 0.8053
1530 0.8040
1531 0.7368
1532 0.7054
1533 0.6598
1534 0.6543
1535 0.6926
1536 0.6884
1537 0.6881
1538 0.6672
1539 0.6843
1540 0.6735
1541 0.6464
1542 0.6128
1543 0.6324
1544 0.6137
1545 0.6009
1546 0.5483
1547 0.5629
1548 0.5858
1549 0.5831
1550 0.6270
1551 0.6478
1552 0.6983
1553 0.7113
1554 0.6950
1555 0.6424
1556 0.6119
1557 0.5925
1558 0.5589
1559 0.5861
1560 0.6030
1561 0.6143
1562 0.6513
1563 0.6880
1564 0.7020
1565 0.6668
1566 0.6347
1567 0.6527
1568 0.6690
1569 0.6751
1570 0.6305
1571 0.6616
1572 0.6118
1573 0.7038
1574 0.6782
1575 0.5997
1576 0.6176
1577 0.6212
1578 0.6795
1579 0.6367
1580 0.6109
1581 0.5476
1582 0.5351
1583 0.5313
1584 0.5200
1585 0.4661
1586 0.4454
1587 0.4943
1588 0.5014
1589 0.5481
1590 0.5857
1591 0.6369
1592 0.6512
1593 0.6349
1594 0.5784
1595 0.5488
1596 0.5104
1597 0.4596
1598 0.4247
1599 0.4301
1600 0.4656
1601 0.4948
1602 0.5794
1603 0.6430
1604 0.6680
1605 0.5975
1606 0.5496
1607 0.5695
1608 0.5768
1609 0.5103
1610 0.5364
1611 0.4547
1612 0.3893
1613 0.3372
1614 0.4333
1615 0.5277
1616 0.5142
1617 0.3786
1618 0.3922
1619 0.4779
1620 0.4274
1621 0.4249
1622 0.5163
1623 0.5880
1624 0.5622
1625 0.4806
1626 0.5958
1627 0.7048
1628 0.7583
1629 0.7172
1630 0.5582
1631 0.5598
1632 0.5793
1633 0.5942
1634 0.6105
1635 0.6605
1636 0.5539
1637 0.5280
1638 0.4610
1639 0.4431
1640 0.4894
1641 0.4812
1642 0.5197
1643 0.5412
1644 0.6499
1645 0.6979
1646 0.7757
1647 0.7885
1648 0.9217
1649 0.9842
1650 1.1145
1651 1.2416
1652 1.1923
1653 1.1217
1654 1.1709
1655 1.1264
1656 0.9767
1657 1.0102
1658 1.0018
1659 0.9994
1660 0.9222
1661 0.7817
1662 0.7970
1663 0.6870
1664 0.7224
1665 0.7013
1666 0.8047
1667 0.8509
1668 0.9284
1669 1.0704
1670 1.0108
1671 1.0272
1672 0.9370
1673 0.8784
1674 0.8678
1675 0.8275
1676 0.8546
1677 0.7698
1678 0.8822
1679 0.8945
1680 1.0090
1681 0.9982
1682 0.9742
1683 0.9234
1684 0.8253
1685 0.8287
1686 0.8628
1687 0.8034
1688 0.9134
1689 0.8870
1690 1.0053
1691 1.0636
1692 1.1287
1693 1.0541
1694 1.1416
1695 1.2022
1696 1.2602
1697 1.3603
1698 1.2983
1699 1.2394
1700 1.2921
1701 1.2386
1702 1.2833
1703 1.2919
1704 1.2456
1705 1.2625
1706 1.3309
1707 1.3084
1708 1.2619
1709 1.3153
1710 1.3691
1711 1.3139
1712 1.2915
1713 1.3719
1714 1.3925
1715 1.3316
1716 1.3517
1717 1.4348
1718 1.4408
1719 1.3953
1720 1.4408
1721 1.5139
1722 1.4885
1723 1.4569
1724 1.5292
1725 1.5738
1726 1.5189
1727 1.5216
1728 1.6083
1729 1.6134
1730 1.5565
1731 1.6065
1732 1.6812
1733 1.6446
1734 1.6165
1735 1.7004
1736 1.7357
1737 1.6762
1738 1.6978
1739 1.7881
1740 1.7722
1741 1.7273
1742 1.8016
1743 1.8660
1744 1.8244
1745 1.8148
1746 1.9007
1747 1.9224
1748 1.8720
1749 1.9076
1750 1.9927
1751 1.9811
1752 1.9428
1753 1.9767
1754 1.9536
1755 1.9452
1756 2.0273
1757 2.0017
1758 2.0527
1759 2.0427
1760 2.0948
1761 2.2710
1762 2.3089
1763 2.3846
1764 2.4158
1765 2.5624
1766 2.6321
1767 2.7608
1768 2.9387
1769 3.0459
1770 3.1208
