1 0.3283
2 0.3510
3 0.3336
4 0.3872
5 0.3807
6 0.4681
7 0.5062
8 0.4756
9 0.5147
10 0.5194
11 0.5506
12 0.5847
13 0.6281
14 0.6877
15 0.6574
16 0.6289
17 0.6352
18 0.5545
19 0.5459
20 0.4715
21 0.4709
22 0.4660
23 0.4554
24 0.4539
25 0.4642
26 0.5195
27 0.5363
28 0.6023
29 0.6308
30 0.6192
31 0.5533
32 0.5592
33 0.5123
34 0.5437
35 0.5090
36 0.5424
37 0.5329
38 0.5619
39 0.5979
40 0.6304
41 0.6631
42 0.7103
43 0.7974
44 0.8611
45 0.9483
46 0.9823
47 0.9131
48 0.8734
49 0.7976
50 0.7932
51 0.7145
52 0.7063
53 0.6561
54 0.6439
55 0.6275
56 0.6050
57 0.6176
58 0.5711
59 0.6151
60 0.6305
61 0.6746
62 0.6189
63 0.6602
64 0.6945
65 0.6768
66 0.7296
67 0.7402
68 0.7508
69 0.8292
70 0.8436
71 0.9132
72 0.8945
73 0.9810
74 1.0123
75 1.0780
76 1.1457
77 1.1948
78 1.2698
79 1.2934
80 1.3745
81 1.3735
82 1.2911
83 1.2380
84 1.1493
85 1.0893
86 1.0040
87 0.9539
88 0.8843
89 0.8683
90 0.7961
91 0.7674
92 0.6841
93 0.6867
94 0.6106
95 0.5707
96 0.5485
97 0.5515
98 0.5345
99 0.5329
100 0.5326
101 0.5617
102 0.6203
103 0.6406
104 0.6209
105 0.6357
106 0.6339
107 0.6580
108 0.7029
109 0.7045
110 0.7505
111 0.8255
112 0.9065
113 0.9824
114 1.0677
115 1.1479
116 1.2244
117 1.3077
118 1.3512
119 1.3478
120 1.2830
121 1.2018
122 1.1305
123 1.0823
124 1.0150
125 0.9421
126 0.8539
127 0.8624
128 0.7866
129 0.7849
130 0.7319
131 0.7508
132 0.7342
133 0.7406
134 0.7225
135 0.7304
136 0.7525
137 0.8173
138 0.8481
139 0.8479
140 0.8459
141 0.8519
142 0.8444
143 0.8257
144 0.8549
145 0.8691
146 0.9092
147 0.9781
148 1.0609
149 1.1435
150 1.1728
151 1.2049
152 1.1709
153 1.2550
154 1.2573
155 1.1757
156 1.2097
157 1.2934
158 1.2452
159 1.1950
160 1.1134
161 1.1246
162 1.0744
163 1.0299
164 0.9580
165 0.9584
166 0.8744
167 0.8176
168 0.7455
169 0.7311
170 0.6583
171 0.6172
172 0.5651
173 0.5728
174 0.5454
175 0.5660
176 0.5628
177 0.5384
178 0.6088
179 0.6242
180 0.6616
181 0.6576
182 0.6480
183 0.6561
184 0.6400
185 0.6978
186 0.6953
187 0.7698
188 0.8258
189 0.9087
190 0.8884
191 0.8008
192 0.8171
193 0.7597
194 0.7883
195 0.7272
196 0.7576
197 0.7466
198 0.7689
199 0.7380
200 0.7230
201 0.7632
202 0.8311
203 0.8308
204 0.8426
205 0.9048
206 0.9532
207 0.9496
208 1.0310
209 1.0467
210 1.1153
211 1.0981
212 1.0567
213 1.0622
214 1.0430
215 1.0034
216 0.9344
217 0.9574
218 0.8822
219 0.8595
220 0.8491
221 0.8492
222 0.8454
223 0.9253
224 0.9639
225 0.9753
226 1.0288
227 0.9672
228 0.9421
229 0.8586
230 0.8217
231 0.8515
232 0.7752
233 0.7164
234 0.6795
235 0.6848
236 0.6596
237 0.5880
238 0.5346
239 0.5434
240 0.5001
241 0.5206
242 0.4967
243 0.5418
244 0.5863
245 0.6472
246 0.6178
247 0.6476
248 0.6205
249 0.6509
250 0.6505
251 0.6047
252 0.6235
253 0.6178
254 0.5656
255 0.6013
256 0.5619
257 0.6193
258 0.5694
259 0.6374
260 0.6932
261 0.7472
262 0.7143
263 0.6362
264 0.6218
265 0.5987
266 0.6162
267 0.5818
268 0.6467
269 0.6428
270 0.7113
271 0.7392
272 0.7577
273 0.8256
274 0.8010
275 0.8233
276 0.7890
277 0.7371
278 0.6963
279 0.6925
280 0.6236
281 0.6263
282 0.5684
283 0.5702
284 0.5496
285 0.5736
286 0.5279
287 0.4578
288 0.4731
289 0.4832
290 0.4970
291 0.4609
292 0.4148
293 0.4191
294 0.3799
295 0.3966
296 0.3646
297 0.3801
298 0.3525
299 0.4161
300 0.4424
301 0.4796
302 0.4600
303 0.4635
304 0.4433
305 0.4321
306 0.4305
307 0.3850
308 0.4128
309 0.3752
310 0.3972
311 0.3455
312 0.3783
313 0.3875
314 0.3821
315 0.3750
316 0.4080
317 0.3765
318 0.4053
319 0.3640
320 0.3463
321 0.4147
322 0.3861
323 0.3166
324 0.3101
325 0.2732
326 0.3085
327 0.3333
328 0.3404
329 0.4011
330 0.4085
331 0.4803
332 0.4941
333 0.5487
334 0.6902
335 0.7005
336 0.7392
337 0.7610
338 0.7628
339 0.7411
340 0.6480
341 0.6720
342 0.6274
343 0.5373
344 0.5046
345 0.4319
346 0.4111
347 0.3221
348 0.3024
349 0.2414
350 0.2223
351 0.1953
352 0.2307
353 0.2611
354 0.2372
355 0.2818
356 0.2539
357 0.2859
358 0.3167
359 0.3108
360 0.2895
361 0.2781
362 0.2792
363 0.2671
364 0.2798
365 0.2923
366 0.3160
367 0.3745
368 0.3721
369 0.4315
370 0.4312
371 0.3491
372 0.2994
373 0.2564
374 0.2350
375 0.2200
376 0.2250
377 0.2300
378 0.2305
379 0.2735
380 0.2607
381 0.2151
382 0.2144
383 0.2372
384 0.2619
385 0.2587
386 0.2853
387 0.2544
388 0.2218
389 0.2166
390 0.2038
391 0.2133
392 0.2416
393 0.2833
394 0.3158
395 0.3687
396 0.4324
397 0.4351
398 0.3908
399 0.3557
400 0.3451
401 0.3453
402 0.3132
403 0.2561
404 0.2722
405 0.2592
406 0.2350
407 0.2577
408 0.2795
409 0.3192
410 0.3896
411 0.4029
412 0.3939
413 0.3514
414 0.3756
415 0.3905
416 0.3542
417 0.3238
418 0.3058
419 0.3478
420 0.3648
421 0.3316
422 0.3308
423 0.3045
424 0.2932
425 0.3368
426 0.3564
427 0.4298
428 0.4720
429 0.4083
430 0.4158
431 0.3532
432 0.3457
433 0.3135
434 0.3339
435 0.3114
436 0.3571
437 0.3430
438 0.3904
439 0.3966
440 0.4590
441 0.4629
442 0.4779
443 0.5246
444 0.4922
445 0.4498
446 0.4191
447 0.4116
448 0.3649
449 0.3823
450 0.3614
451 0.4154
452 0.4440
453 0.4273
454 0.4847
455 0.4807
456 0.5226
457 0.5417
458 0.5355
459 0.6002
460 0.6531
461 0.7015
462 0.7614
463 0.8128
464 0.8370
465 0.8971
466 0.9369
467 1.0054
468 1.0567
469 1.1081
470 1.0651
471 1.0717
472 1.0335
473 1.0367
474 1.1001
475 1.1004
476 1.1225
477 1.2118
478 1.2339
479 1.2443
480 1.2053
481 1.1417
482 1.0740
483 1.0156
484 0.9496
485 0.8797
486 0.8231
487 0.7697
488 0.7254
489 0.6727
490 0.6332
491 0.6085
492 0.6045
493 0.5471
494 0.5419
495 0.4829
496 0.4973
497 0.5439
498 0.5325
499 0.5884
500 0.6431
501 0.6700
502 0.6018
503 0.6272
504 0.6052
505 0.6389
506 0.6455
507 0.6781
508 0.7137
509 0.7489
510 0.8071
511 0.8342
512 0.7842
513 0.8153
514 0.8852
515 0.9137
516 0.9165
517 0.9886
518 0.9846
519 0.9396
520 0.9596
521 0.9206
522 0.9204
523 0.8966
524 0.9439
525 0.9817
526 0.9673
527 0.9772
528 0.9159
529 0.8695
530 0.8072
531 0.7889
532 0.7397
533 0.7336
534 0.7257
535 0.6959
536 0.7012
537 0.6335
538 0.6577
539 0.6569
540 0.6382
541 0.6128
542 0.6135
543 0.6057
544 0.6412
545 0.6656
546 0.7185
547 0.7599
548 0.8079
549 0.8629
550 0.8846
551 0.9482
552 0.9764
553 1.0329
554 1.1105
555 1.1407
556 1.1696
557 1.1358
558 1.0966
559 1.1148
560 1.0482
561 1.0356
562 1.0142
563 0.9446
564 0.8769
565 0.8503
566 0.7827
567 0.7451
568 0.6867
569 0.6472
570 0.6020
571 0.5752
572 0.5595
573 0.5653
574 0.6253
575 0.6238
576 0.6375
577 0.7229
578 0.7129
579 0.7100
580 0.7313
581 0.6817
582 0.6406
583 0.5376
584 0.4927
585 0.4418
586 0.4713
587 0.4391
588 0.4721
589 0.5211
590 0.5202
591 0.5651
592 0.6008
593 0.6584
594 0.7057
595 0.7796
596 0.8320
597 0.9054
598 0.9744
599 1.0094
600 1.0652
601 1.0928
602 1.0922
603 1.1775
604 1.2400
605 1.1905
606 1.1247
607 1.0511
608 1.0203
609 1.0066
610 0.9804
611 1.0012
612 0.9597
613 0.9840
614 0.9508
615 0.9838
616 0.9592
617 0.9782
618 0.9617
619 1.0179
620 1.0216
621 0.9728
622 0.9717
623 0.9358
624 0.9424
625 0.9072
626 0.8882
627 0.8788
628 0.8371
629 0.8762
630 0.8777
631 0.8825
632 0.9135
633 0.9068
634 0.9503
635 0.9444
636 0.9872
637 0.9648
638 1.0065
639 1.0156
640 1.0806
641 1.0656
642 1.0495
643 0.9954
644 0.9267
645 0.8807
646 0.8230
647 0.8403
648 0.7931
649 0.8038
650 0.7543
651 0.7524
652 0.7068
653 0.7079
654 0.7040
655 0.6573
656 0.6975
657 0.7228
658 0.7113
659 0.7318
660 0.7601
661 0.7865
662 0.8279
663 0.8934
664 0.9462
665 1.0421
666 1.0738
667 1.0390
668 0.9859
669 0.9142
670 0.9437
671 0.8747
672 0.8239
673 0.7862
674 0.7303
675 0.6664
676 0.6340
677 0.5926
678 0.5570
679 0.5292
680 0.5622
681 0.5745
682 0.6078
683 0.6208
684 0.6529
685 0.6932
686 0.7165
687 0.7712
688 0.7988
689 0.8626
690 0.9084
691 0.9013
692 0.9396
693 0.9543
694 1.0332
695 1.1186
696 1.1358
697 1.0678
698 1.0239
699 1.0077
700 0.9918
701 0.9232
702 0.9090
703 0.8540
704 0.8422
705 0.8025
706 0.7971
707 0.7891
708 0.7689
709 0.7967
710 0.7919
711 0.7941
712 0.7340
713 0.9084
714 0.8224
715 0.8894
716 0.8658
717 0.8163
718 0.8083
719 0.8029
720 0.7902
721 0.8083
722 0.8190
723 0.8375
724 0.8022
725 0.8239
726 0.8123
727 0.8794
728 0.8822
729 0.9201
730 0.9114
731 0.8596
732 0.8472
733 0.8866
734 0.8857
735 0.8432
736 0.8745
737 0.8555
738 0.8777
739 0.8815
740 0.8992
741 0.9284
742 0.9219
743 0.9577
744 0.8501
745 0.7578
746 0.6956
747 0.5981
748 0.5250
749 0.4341
750 0.3639
751 0.3155
752 0.3045
753 0.3101
754 0.3645
755 0.4270
756 0.4620
757 0.4168
758 0.5065
759 0.5963
760 0.6889
761 0.7458
762 0.8218
763 0.9511
764 1.0306
765 1.0866
766 1.2445
767 1.3745
768 1.3689
769 1.3916
770 1.3422
771 1.3345
772 1.2505
773 1.1203
774 1.0685
775 0.9457
776 0.8849
777 0.8065
778 0.7097
779 0.6356
780 0.5351
781 0.4745
782 0.3964
783 0.3831
784 0.3615
785 0.4003
786 0.4428
787 0.5058
788 0.5864
789 0.5947
790 0.6987
791 0.8084
792 0.8184
793 0.8046
794 0.7183
795 0.7387
796 0.6837
797 0.5877
798 0.5222
799 0.4440
800 0.3956
801 0.3736
802 0.3678
803 0.4188
804 0.4696
805 0.5754
806 0.6249
807 0.6887
808 0.7379
809 0.8255
810 0.7765
811 0.6779
812 0.6683
813 0.6237
814 0.6693
815 0.6185
816 0.6891
817 0.6599
818 0.5994
819 0.6103
820 0.5969
821 0.6262
822 0.6601
823 0.7278
824 0.6649
825 0.6867
826 0.6142
827 0.6289
828 0.5880
829 0.5848
830 0.6329
831 0.6922
832 0.6895
833 0.7673
834 0.8517
835 0.9280
836 0.9953
837 1.0321
838 1.0756
839 1.0277
840 1.0948
841 1.1813
842 1.3561
843 1.4488
844 1.6284
845 1.6796
846 1.6936
847 1.6424
848 1.6633
849 1.5261
850 1.3888
851 1.2405
852 1.2178
853 1.1143
854 1.0458
855 1.0463
856 0.9638
857 0.9337
858 0.9320
859 0.9519
860 0.9678
861 1.0199
862 0.9052
863 0.9275
864 0.8634
865 0.8806
866 0.9397
867 0.8744
868 0.8924
869 0.9022
870 0.8384
871 0.7748
872 0.8144
873 0.7864
874 0.6928
875 0.6274
876 0.6148
877 0.5162
878 0.5145
879 0.4931
880 0.4274
881 0.4322
882 0.5493
883 0.5648
884 0.5565
885 0.4918
886 0.5043
887 0.4583
888 0.4857
889 0.5089
890 0.5541
891 0.6191
892 0.6697
893 0.7644
894 0.7695
895 0.7173
896 0.7790
897 0.7501
898 0.6754
899 0.6561
900 0.5671
901 0.5489
902 0.4892
903 0.4823
904 0.4736
905 0.4944
906 0.5628
907 0.5922
908 0.6595
909 0.6904
910 0.7742
911 0.8586
912 0.9136
913 0.8205
914 0.7959
915 0.8734
916 0.8741
917 0.8385
918 0.8665
919 0.8643
920 0.7671
921 0.6814
922 0.6061
923 0.5100
924 0.4640
925 0.3835
926 0.3394
927 0.2923
928 0.3034
929 0.3304
930 0.4059
931 0.4734
932 0.5727
933 0.6441
934 0.7314
935 0.7858
936 0.8847
937 0.9460
938 1.0426
939 0.9876
940 0.8611
941 0.8817
942 0.7596
943 0.6442
944 0.6151
945 0.5465
946 0.4494
947 0.3784
948 0.3065
949 0.2771
950 0.2733
951 0.3041
952 0.3732
953 0.4407
954 0.5132
955 0.6046
956 0.6754
957 0.7713
958 0.8422
959 0.9459
960 1.0374
961 1.0830
962 1.0888
963 1.0185
964 1.0539
965 0.9915
966 1.0134
967 0.9848
968 0.9973
969 1.0518
970 1.0444
971 1.0252
972 1.0836
973 1.1057
974 1.0580
975 1.0774
976 1.1420
977 1.1242
978 1.0945
979 1.1536
980 1.1929
981 1.1575
982 1.1704
983 1.2349
984 1.2623
985 1.2398
986 1.2649
987 1.3320
988 1.3330
989 1.3242
990 1.3638
991 1.3962
992 1.3878
993 1.3947
994 1.4447
995 1.4625
996 1.4728
997 1.4983
998 1.5635
999 1.6164
1000 1.6553
1001 1.6665
1002 1.7303
1003 1.7105
1004 1.7683
1005 1.7988
1006 1.8238
1007 1.7945
1008 1.8464
1009 1.1503
1010 1.0344
1011 0.9709
1012 0.8797
1013 0.8828
1014 0.9448
1015 0.9127
1016 0.8422
1017 0.8576
1018 0.8979
1019 0.8663
1020 0.8343
1021 0.8219
1022 0.7506
1023 0.7665
1024 0.8151
1025 0.7664
1026 0.7129
1027 0.7588
1028 0.7734
1029 0.7788
1030 0.8563
1031 0.8629
1032 0.8885
1033 0.9056
1034 0.9727
1035 0.9695
1036 1.0488
1037 1.0828
1038 1.1323
1039 1.1014
1040 1.0681
1041 1.0680
1042 1.0160
1043 1.0099
1044 0.9748
1045 0.9651
1046 0.9193
1047 0.9552
1048 0.9679
1049 0.9912
1050 1.0649
1051 1.0690
1052 1.0555
1053 1.1156
1054 1.1708
1055 1.1557
1056 1.1800
1057 1.0963
1058 1.0952
1059 1.0511
1060 1.0010
1061 0.9881
1062 0.9495
1063 0.8698
1064 0.8438
1065 0.7773
1066 0.7813
1067 0.7198
1068 0.7116
1069 0.6707
1070 0.6602
1071 0.6251
1072 0.5669
1073 0.5423
1074 0.5895
1075 0.5941
1076 0.6558
1077 0.6496
1078 0.6423
1079 0.7076
1080 0.6787
1081 0.6154
1082 0.6278
1083 0.6431
1084 0.6687
1085 0.6662
1086 0.4995
1087 0.4741
1088 0.5264
1089 0.5490
1090 0.5742
1091 0.5599
1092 0.5816
1093 0.5731
1094 0.4964
1095 0.4923
1096 0.5438
1097 0.5564
1098 0.5905
1099 0.6243
1100 0.6388
1101 0.6738
1102 0.6613
1103 0.6708
1104 0.6976
1105 0.6805
1106 0.6923
1107 0.6903
1108 0.6624
1109 0.6704
1110 0.6282
1111 0.6604
1112 0.6387
1113 0.6678
1114 0.6659
1115 0.6606
1116 0.7111
1117 0.6891
1118 0.6104
1119 0.5709
1120 0.5857
1121 0.5567
1122 0.6233
1123 0.6148
1124 0.6947
1125 0.7157
1126 0.8399
1127 0.8812
1128 0.9156
1129 0.9587
1130 1.0426
1131 1.0951
1132 1.0391
1133 1.0591
1134 1.1112
1135 1.0602
1136 0.9972
1137 1.0523
1138 1.0730
1139 1.0052
1140 0.9911
1141 0.9650
1142 0.9142
1143 0.8353
1144 0.8719
1145 0.9163
1146 0.8555
1147 0.8065
1148 0.8864
1149 0.8937
1150 0.8036
1151 0.8133
1152 0.8386
1153 0.7855
1154 0.7084
1155 0.6895
1156 0.6386
1157 0.6430
1158 0.6084
1159 0.6541
1160 0.6480
1161 0.6760
1162 0.6842
1163 0.7248
1164 0.7276
1165 0.7893
1166 0.7520
1167 0.7268
1168 0.8045
1169 0.8316
1170 0.9172
1171 0.9506
1172 0.9167
1173 0.9566
1174 1.0707
1175 1.0979
1176 1.1917
1177 1.2405
1178 1.1993
1179 1.1823
1180 1.1263
1181 1.0554
1182 1.0521
1183 1.0768
1184 1.0587
1185 1.1281
1186 1.1925
1187 1.2462
1188 1.2404
1189 1.2944
1190 1.2233
1191 1.1555
1192 1.0583
1193 0.9713
1194 0.9311
1195 0.8435
1196 0.7720
1197 0.6926
1198 0.6597
1199 0.6718
1200 0.6341
1201 0.6989
1202 0.6647
1203 0.5848
1204 0.5725
1205 0.6106
1206 0.6400
1207 0.7024
1208 0.7750
1209 0.8279
1210 0.7841
1211 0.7864
1212 0.8741
1213 0.8823
1214 0.8405
1215 0.8752
1216 0.9530
1217 0.9275
1218 0.8926
1219 0.9579
1220 0.9666
1221 0.9421
1222 0.9728
1223 0.9241
1224 0.9705
1225 0.9533
1226 0.9062
1227 0.8137
1228 0.7660
1229 0.6816
1230 0.6588
1231 0.5801
1232 0.5622
1233 0.5912
1234 0.5502
1235 0.4742
1236 0.4858
1237 0.5010
1238 0.4350
1239 0.3764
1240 0.4121
1241 0.3784
1242 0.3995
1243 0.4756
1244 0.5008
1245 0.4710
1246 0.4410
1247 0.4159
1248 0.3772
1249 0.4259
1250 0.4817
1251 0.5207
1252 0.5117
1253 0.5884
1254 0.5972
1255 0.6907
1256 0.7118
1257 0.7987
1258 0.8177
1259 0.8918
1260 0.8374
1261 0.7677
1262 0.7117
1263 0.6737
1264 0.5929
1265 0.5368
1266 0.5747
1267 0.6630
1268 0.6561
1269 0.6678
1270 0.7766
1271 0.7969
1272 0.7389
1273 0.6470
1274 0.5675
1275 0.4954
1276 0.4277
1277 0.4237
1278 0.3970
1279 0.3671
1280 0.3735
1281 0.4215
1282 0.4988
1283 0.5413
1284 0.5941
1285 0.6228
1286 0.7034
1287 0.6434
1288 0.7112
1289 0.6492
1290 0.6450
1291 0.6005
1292 0.6305
1293 0.6707
1294 0.6077
1295 0.5421
1296 0.5469
1297 0.5478
1298 0.4726
1299 0.4535
1300 0.4781
1301 0.3962
1302 0.3657
1303 0.4287
1304 0.4202
1305 0.3328
1306 0.3453
1307 0.4082
1308 0.3746
1309 0.3131
1310 0.3487
1311 0.4101
1312 0.4690
1313 0.5509
1314 0.5985
1315 0.6900
1316 0.7311
1317 0.8202
1318 0.8500
1319 0.9381
1320 0.9835
1321 0.9774
1322 0.8772
1323 0.8620
1324 0.8308
1325 0.7565
1326 0.7278
1327 0.7587
1328 0.6963
1329 0.6268
1330 0.6516
1331 0.6615
1332 0.5745
1333 0.5301
1334 0.5360
1335 0.5661
1336 0.6203
1337 0.7120
1338 0.7771
1339 0.8583
1340 0.9362
1341 0.9595
1342 1.0551
1343 1.0890
1344 1.1168
1345 1.0296
1346 1.0759
1347 1.0231
1348 0.9363
1349 0.9239
1350 0.9541
1351 0.8991
1352 0.8186
1353 0.8531
1354 0.8751
1355 0.7880
1356 0.7395
1357 0.8028
1358 0.7830
1359 0.6853
1360 0.7068
1361 0.7659
1362 0.7017
1363 0.6328
1364 0.6035
1365 0.5438
1366 0.4578
1367 0.4132
1368 0.3474
1369 0.3122
1370 0.3706
1371 0.3840
1372 0.3915
1373 0.4652
1374 0.4910
1375 0.5187
1376 0.5517
1377 0.6249
1378 0.6525
1379 0.7323
1380 0.7493
1381 0.8102
1382 0.8198
1383 0.8993
1384 0.9454
1385 0.9320
1386 0.9271
1387 0.8691
1388 0.8373
1389 0.7998
1390 0.7276
1391 0.7061
1392 0.6383
1393 0.6708
1394 0.7396
1395 0.7848
1396 0.8514
1397 0.8096
1398 0.8287
1399 0.7707
1400 0.7686
1401 0.7928
1402 0.7578
1403 0.7464
1404 0.7218
1405 0.6916
1406 0.7021
1407 0.6386
1408 0.6542
1409 0.5977
1410 0.6096
1411 0.5764
1412 0.5760
1413 0.6003
1414 0.5767
1415 0.5119
1416 0.5022
1417 0.4791
1418 0.5309
1419 0.4691
1420 0.4140
1421 0.3918
1422 0.3805
1423 0.3926
1424 0.4496
1425 0.4600
1426 0.5111
1427 0.4904
1428 0.4879
1429 0.4675
1430 0.4218
1431 0.4515
1432 0.4432
1433 0.4732
1434 0.4300
1435 0.4619
1436 0.4644
1437 0.5030
1438 0.5485
1439 0.5810
1440 0.6520
1441 0.6547
1442 0.6909
1443 0.7554
1444 0.7741
1445 0.8409
1446 0.7786
1447 0.7658
1448 0.8592
1449 0.8717
1450 0.9472
1451 0.9350
1452 1.0303
1453 1.0833
1454 1.2035
1455 1.1771
1456 1.1015
1457 1.1682
1458 1.1923
1459 1.1577
1460 1.0338
1461 0.9424
1462 0.9078
1463 0.9529
1464 0.8825
1465 0.9022
1466 0.9933
1467 0.9688
1468 0.9479
1469 0.8497
1470 0.8969
1471 0.8821
1472 0.8582
1473 0.9257
1474 0.9836
1475 0.9844
1476 1.0447
1477 1.0446
1478 1.0864
1479 1.0594
1480 1.1727
1481 1.1515
1482 1.0980
1483 1.0806
1484 1.0450
1485 1.1390
1486 1.1541
1487 1.1577
1488 1.1886
1489 1.2288
1490 1.2591
1491 1.1939
1492 1.1750
1493 1.1317
1494 1.0556
1495 1.0600
1496 1.0879
1497 1.1662
1498 1.2481
1499 1.1909
1500 1.0813
1501 1.0131
1502 1.0031
1503 0.9372
1504 0.9092
1505 0.8881
1506 0.8166
1507 0.8648
1508 0.9158
1509 0.9970
1510 1.0407
1511 1.1358
1512 1.1359
1513 1.0574
1514 0.9511
1515 0.8899
1516 0.8238
1517 0.7702
1518 0.7051
1519 0.6448
1520 0.5818
1521 0.5706
1522 0.6002
1523 0.6637
1524 0.7338
1525 0.7772
1526 0.8432
1527 0.9103
1528 0.9267
1529 0.8556
1530 0.8564
1531 0.7837
1532 0.7059
1533 0.6401
1534 0.6077
1535 0.6596
1536 0.6616
1537 0.6719
1538 0.6310
1539 0.6452
1540 0.5794
1541 0.5360
1542 0.5246
1543 0.5773
1544 0.6054
1545 0.5787
1546 0.5193
1547 0.5362
1548 0.6068
1549 0.6128
1550 0.6343
1551 0.7034
1552 0.7533
1553 0.7443
1554 0.7463
1555 0.6872
1556 0.6844
1557 0.6563
1558 0.6236
1559 0.6822
1560 0.6800
1561 0.6791
1562 0.7326
1563 0.7703
1564 0.7668
1565 0.6755
1566 0.6689
1567 0.6801
1568 0.7422
1569 0.7212
1570 0.6941
1571 0.6992
1572 0.6058
1573 0.6790
1574 0.6674
1575 0.5766
1576 0.5766
1577 0.5821
1578 0.6412
1579 0.6016
1580 0.5718
1581 0.5137
1582 0.5014
1583 0.5042
1584 0.5045
1585 0.4964
1586 0.4909
1587 0.4862
1588 0.5067
1589 0.5429
1590 0.6006
1591 0.6759
1592 0.6598
1593 0.6184
1594 0.5471
1595 0.5286
1596 0.4716
1597 0.4668
1598 0.4068
1599 0.4003
1600 0.3882
1601 0.4087
1602 0.4870
1603 0.5471
1604 0.5899
1605 0.5292
1606 0.4667
1607 0.4613
1608 0.4543
1609 0.3926
1610 0.3964
1611 0.3362
1612 0.3091
1613 0.3081
1614 0.3660
1615 0.4204
1616 0.4763
1617 0.4168
1618 0.3621
1619 0.4296
1620 0.4868
1621 0.5246
1622 0.5804
1623 0.6394
1624 0.6182
1625 0.6362
1626 0.7190
1627 0.7363
1628 0.8201
1629 0.7947
1630 0.8142
1631 0.8159
1632 0.7138
1633 0.6618
1634 0.7658
1635 0.7859
1636 0.6606
1637 0.7016
1638 0.5909
1639 0.5756
1640 0.6598
1641 0.6154
1642 0.5912
1643 0.6079
1644 0.7057
1645 0.7446
1646 0.8410
1647 0.8516
1648 0.9631
1649 1.0149
1650 1.0689
1651 1.1523
1652 1.1029
1653 1.0317
1654 1.0929
1655 0.9982
1656 0.8655
1657 0.8356
1658 0.8334
1659 0.8307
1660 0.7555
1661 0.6482
1662 0.7012
1663 0.6391
1664 0.6705
1665 0.6873
1666 0.7600
1667 0.8389
1668 0.9052
1669 0.9724
1670 0.8807
1671 0.8987
1672 0.8224
1673 0.8233
1674 0.7921
1675 0.7692
1676 0.7593
1677 0.6638
1678 0.6511
1679 0.7717
1680 0.8310
1681 0.9491
1682 0.9556
1683 0.9535
1684 0.9103
1685 0.8292
1686 0.8490
1687 0.7922
1688 0.8772
1689 0.8725
1690 0.9629
1691 1.0573
1692 1.0782
1693 0.9794
1694 0.9764
1695 0.9909
1696 0.9557
1697 1.0658
1698 1.0426
1699 0.9683
1700 1.0022
1701 1.0688
1702 1.1409
1703 1.1843
1704 1.1223
1705 1.1175
1706 1.2031
1707 1.2058
1708 1.1427
1709 1.1806
1710 1.2598
1711 1.2269
1712 1.1850
1713 1.2615
1714 1.3067
1715 1.2595
1716 1.2704
1717 1.3531
1718 1.3695
1719 1.3340
1720 1.3721
1721 1.4422
1722 1.4310
1723 1.4050
1724 1.4626
1725 1.5057
1726 1.4725
1727 1.4754
1728 1.5495
1729 1.5682
1730 1.5340
1731 1.5718
1732 1.6358
1733 1.6224
1734 1.6102
1735 1.6764
1736 1.7149
1737 1.6881
1738 1.7102
1739 1.7833
1740 1.7872
1741 1.7673
1742 1.8147
1743 1.8669
1744 1.8539
1745 1.8568
1746 1.9187
1747 1.9465
1748 1.9326
1749 1.9632
1750 2.0238
1751 2.0306
1752 2.0180
1753 2.0328
1754 2.0443
1755 2.0142
1756 2.0174
1757 2.0441
1758 2.0629
1759 2.1537
1760 2.2552
1761 2.2856
1762 2.4294
1763 2.4658
1764 2.5311
1765 2.6310
1766 2.7985
1767 2.9121
1768 3.0775
1769 3.1829
1770 3.2859
