1  0.1973
2  0.1945
3  0.1873
4  0.2351
5  0.2419
6  0.3165
7  0.3601
8  0.3430
9  0.3878
10 0.4111
11 0.4623
12 0.5039
13 0.5619
14 0.6218
15 0.5875
16 0.5741
17 0.5907
18 0.5156
19 0.5027
20 0.4327
21 0.4553
22 0.4632
23 0.4437
24 0.4418
25 0.4349
26 0.4976
27 0.5062
28 0.5803
29 0.6137
30 0.5643
31 0.4900
32 0.4860
33 0.4495
34 0.4872
35 0.4638
36 0.5118
37 0.5046
38 0.5476
39 0.5713
40 0.6181
41 0.6398
42 0.6802
43 0.7673
44 0.8332
45 0.9164
46 0.9517
47 0.8804
48 0.8510
49 0.7760
50 0.7804
51 0.7009
52 0.6861
53 0.6339
54 0.6024
55 0.5805
56 0.5380
57 0.5398
58 0.4846
59 0.5155
60 0.4994
61 0.5534
62 0.5134
63 0.5583
64 0.5997
65 0.6027
66 0.6712
67 0.6924
68 0.7187
69 0.8025
70 0.8352
71 0.9130
72 0.9142
73 0.9990
74 1.0393
75 1.1154
76 1.1880
77 1.2446
78 1.3249
79 1.3591
80 1.4434
81 1.4449
82 1.3497
83 1.2876
84 1.2006
85 1.1295
86 1.0441
87 0.9867
88 0.9211
89 0.8782
90 0.8004
91 0.7851
92 0.6945
93 0.6921
94 0.6099
95 0.5866
96 0.5684
97 0.5583
98 0.5447
99 0.5404
100 0.5543
101 0.5706
102 0.6183
103 0.6461
104 0.6228
105 0.6516
106 0.6511
107 0.6841
108 0.7258
109 0.7393
110 0.7791
111 0.8533
112 0.9389
113 1.0237
114 1.1141
115 1.2003
116 1.2740
117 1.3659
118 1.4372
119 1.4139
120 1.3423
121 1.2545
122 1.1850
123 1.1315
124 1.0568
125 0.9850
126 0.8961
127 0.9120
128 0.8341
129 0.8242
130 0.7644
131 0.7710
132 0.7489
133 0.7393
134 0.7247
135 0.7192
136 0.7375
137 0.8078
138 0.8365
139 0.8527
140 0.8520
141 0.8805
142 0.8825
143 0.8765
144 0.9082
145 0.9311
146 0.9713
147 1.0408
148 1.1289
149 1.2084
150 1.2307
151 1.2626
152 1.2214
153 1.2998
154 1.3112
155 1.2299
156 1.2608
157 1.3438
158 1.2967
159 1.2490
160 1.1639
161 1.1711
162 1.1225
163 1.0812
164 1.0258
165 1.0123
166 0.9251
167 0.8764
168 0.8011
169 0.7925
170 0.7111
171 0.6557
172 0.6105
173 0.6202
174 0.5923
175 0.6122
176 0.6244
177 0.5866
178 0.6699
179 0.6796
180 0.7303
181 0.7148
182 0.7116
183 0.7114
184 0.6978
185 0.7403
186 0.7376
187 0.8044
188 0.8736
189 0.9700
190 0.9353
191 0.8504
192 0.8904
193 0.8216
194 0.8522
195 0.8047
196 0.8315
197 0.8249
198 0.8459
199 0.8126
200 0.7732
201 0.8152
202 0.9014
203 0.8919
204 0.8847
205 0.9531
206 1.0203
207 1.0058
208 1.0839
209 1.0889
210 1.1562
211 1.1561
212 1.1166
213 1.1488
214 1.1229
215 1.0749
216 1.0168
217 1.0482
218 0.9812
219 0.9492
220 0.9472
221 0.9421
222 0.9402
223 1.0258
224 1.0584
225 1.0845
226 1.1470
227 1.1002
228 1.0369
229 0.9787
230 0.9107
231 0.9203
232 0.8247
233 0.7728
234 0.7259
235 0.7528
236 0.7281
237 0.6446
238 0.5897
239 0.6172
240 0.5819
241 0.6071
242 0.5956
243 0.6535
244 0.7136
245 0.8009
246 0.7917
247 0.8143
248 0.8309
249 0.8392
250 0.8377
251 0.7365
252 0.7369
253 0.7156
254 0.6707
255 0.6939
256 0.6560
257 0.6978
258 0.6391
259 0.6947
260 0.7636
261 0.8175
262 0.7897
263 0.7068
264 0.7074
265 0.6862
266 0.7115
267 0.6894
268 0.7556
269 0.7580
270 0.8120
271 0.8393
272 0.8520
273 0.9363
274 0.9048
275 0.9368
276 0.8971
277 0.8714
278 0.8384
279 0.8088
280 0.7389
281 0.7389
282 0.6718
283 0.6682
284 0.6367
285 0.6542
286 0.5980
287 0.5432
288 0.5552
289 0.5756
290 0.5888
291 0.5378
292 0.5073
293 0.5162
294 0.4807
295 0.4940
296 0.4378
297 0.4746
298 0.4457
299 0.5269
300 0.5800
301 0.5833
302 0.5783
303 0.5333
304 0.5410
305 0.5361
306 0.5461
307 0.4916
308 0.5149
309 0.4667
310 0.4797
311 0.4204
312 0.4468
313 0.4717
314 0.4673
315 0.4744
316 0.5270
317 0.5161
318 0.5660
319 0.4806
320 0.4537
321 0.5040
322 0.4735
323 0.4043
324 0.3853
325 0.3505
326 0.3927
327 0.4334
328 0.4403
329 0.5045
330 0.5195
331 0.5917
332 0.6043
333 0.6576
334 0.7274
335 0.8071
336 0.9079
337 0.9136
338 0.8520
339 0.7842
340 0.7179
341 0.7179
342 0.7033
343 0.6168
344 0.5603
345 0.5263
346 0.4978
347 0.4191
348 0.3965
349 0.3279
350 0.3047
351 0.2595
352 0.2949
353 0.3109
354 0.2886
355 0.3359
356 0.3173
357 0.3470
358 0.3695
359 0.3537
360 0.3424
361 0.3123
362 0.3007
363 0.2476
364 0.2724
365 0.2273
366 0.1885
367 0.2266
368 0.2234
369 0.2924
370 0.3200
371 0.3208
372 0.2890
373 0.2446
374 0.2589
375 0.2398
376 0.2754
377 0.2597
378 0.2589
379 0.2791
380 0.2713
381 0.2323
382 0.2043
383 0.2252
384 0.2243
385 0.2362
386 0.2319
387 0.2213
388 0.1936
389 0.1966
390 0.2041
391 0.2033
392 0.2485
393 0.2631
394 0.3254
395 0.3766
396 0.4341
397 0.4800
398 0.4373
399 0.3975
400 0.3932
401 0.4333
402 0.3592
403 0.2690
404 0.2427
405 0.2038
406 0.1813
407 0.1707
408 0.1877
409 0.2288
410 0.2835
411 0.3092
412 0.3192
413 0.2971
414 0.3287
415 0.3300
416 0.3205
417 0.2827
418 0.3041
419 0.3559
420 0.3534
421 0.3127
422 0.3178
423 0.2779
424 0.2834
425 0.3095
426 0.2926
427 0.3504
428 0.3547
429 0.3011
430 0.2660
431 0.2203
432 0.2104
433 0.2310
434 0.2454
435 0.2431
436 0.2963
437 0.2884
438 0.3417
439 0.3475
440 0.4213
441 0.4136
442 0.4092
443 0.4618
444 0.4185
445 0.3798
446 0.3276
447 0.3051
448 0.2440
449 0.2382
450 0.2049
451 0.2284
452 0.2411
453 0.2394
454 0.2798
455 0.2876
456 0.3253
457 0.3664
458 0.4208
459 0.4679
460 0.5283
461 0.5675
462 0.6243
463 0.6727
464 0.6961
465 0.7479
466 0.7792
467 0.8274
468 0.8484
469 0.8970
470 0.8867
471 0.8806
472 0.8667
473 0.8429
474 0.8866
475 0.8930
476 0.9136
477 0.9683
478 0.9684
479 0.9779
480 0.9575
481 0.9141
482 0.8702
483 0.8312
484 0.7747
485 0.7215
486 0.6706
487 0.6272
488 0.5747
489 0.5310
490 0.4687
491 0.4296
492 0.3723
493 0.3572
494 0.3273
495 0.2724
496 0.2521
497 0.2791
498 0.3013
499 0.3525
500 0.3819
501 0.4247
502 0.3953
503 0.4429
504 0.4479
505 0.4963
506 0.5129
507 0.5480
508 0.5810
509 0.6174
510 0.6636
511 0.6947
512 0.6657
513 0.6939
514 0.7435
515 0.7642
516 0.7544
517 0.7991
518 0.8034
519 0.7705
520 0.7802
521 0.7501
522 0.7391
523 0.7135
524 0.7530
525 0.7532
526 0.7475
527 0.7711
528 0.7294
529 0.7036
530 0.6547
531 0.6298
532 0.5798
533 0.5684
534 0.5422
535 0.4995
536 0.4679
537 0.4180
538 0.4180
539 0.3939
540 0.3900
541 0.3727
542 0.3815
543 0.3991
544 0.4453
545 0.4891
546 0.5442
547 0.5915
548 0.6435
549 0.6963
550 0.7167
551 0.7687
552 0.7984
553 0.8663
554 0.9404
555 0.9632
556 1.0076
557 0.9498
558 0.8960
559 0.9085
560 0.8626
561 0.8601
562 0.8438
563 0.7804
564 0.7289
565 0.7066
566 0.6598
567 0.6239
568 0.5725
569 0.5358
570 0.4960
571 0.4604
572 0.4422
573 0.4264
574 0.4714
575 0.4990
576 0.4888
577 0.5521
578 0.6271
579 0.6718
580 0.5925
581 0.5370
582 0.4556
583 0.3527
584 0.2983
585 0.2739
586 0.2952
587 0.2802
588 0.3205
589 0.4014
590 0.4228
591 0.4755
592 0.5018
593 0.5543
594 0.5937
595 0.6575
596 0.6968
597 0.7730
598 0.8095
599 0.8296
600 0.8537
601 0.8464
602 0.8565
603 0.9117
604 0.9721
605 0.9881
606 0.9077
607 0.8684
608 0.8344
609 0.8366
610 0.8099
611 0.8306
612 0.7911
613 0.8076
614 0.7857
615 0.8036
616 0.7857
617 0.7915
618 0.7729
619 0.7911
620 0.7957
621 0.7761
622 0.7738
623 0.7349
624 0.7317
625 0.7138
626 0.7186
627 0.7101
628 0.6908
629 0.6996
630 0.6975
631 0.7125
632 0.7340
633 0.7383
634 0.7662
635 0.7633
636 0.8026
637 0.7926
638 0.8140
639 0.8229
640 0.8701
641 0.8620
642 0.8423
643 0.8064
644 0.7610
645 0.7399
646 0.7086
647 0.7185
648 0.6913
649 0.6966
650 0.6726
651 0.6714
652 0.6539
653 0.6488
654 0.6539
655 0.6395
656 0.6127
657 0.6313
658 0.6230
659 0.6342
660 0.6426
661 0.6549
662 0.6839
663 0.7136
664 0.7379
665 0.7850
666 0.7832
667 0.7978
668 0.7782
669 0.7158
670 0.7224
671 0.6909
672 0.6771
673 0.6527
674 0.6359
675 0.6170
676 0.6163
677 0.6129
678 0.6223
679 0.6435
680 0.6522
681 0.6606
682 0.6494
683 0.6104
684 0.6242
685 0.6305
686 0.6405
687 0.6696
688 0.6875
689 0.7307
690 0.7446
691 0.7467
692 0.7662
693 0.7731
694 0.8141
695 0.8669
696 0.8932
697 0.8461
698 0.8375
699 0.7961
700 0.7844
701 0.7447
702 0.7371
703 0.6996
704 0.6865
705 0.6606
706 0.6567
707 0.6574
708 0.6457
709 0.6583
710 0.6830
711 0.6948
712 0.6984
713 0.7220
714 0.7380
715 0.7737
716 0.7530
717 0.7170
718 0.7215
719 0.7054
720 0.7081
721 0.7116
722 0.7181
723 0.7240
724 0.7110
725 0.7196
726 0.7147
727 0.7534
728 0.7747
729 0.8027
730 0.7984
731 0.7634
732 0.7567
733 0.7773
734 0.7886
735 0.7566
736 0.7652
737 0.7579
738 0.7549
739 0.7568
740 0.7546
741 0.7709
742 0.7461
743 0.7679
744 0.7590
745 0.7702
746 0.7470
747 0.6834
748 0.6474
749 0.5740
750 0.5201
751 0.4697
752 0.4669
753 0.4623
754 0.4917
755 0.5258
756 0.5355
757 0.4910
758 0.5288
759 0.6154
760 0.6865
761 0.7622
762 0.8598
763 0.9530
764 1.0210
765 1.0757
766 1.2286
767 1.3729
768 1.4576
769 1.5602
770 1.5053
771 1.5397
772 1.4317
773 1.3259
774 1.1168
775 0.9673
776 0.9165
777 0.8319
778 0.7516
779 0.7000
780 0.6008
781 0.5824
782 0.5499
783 0.5501
784 0.5383
785 0.5676
786 0.5999
787 0.6509
788 0.7119
789 0.7232
790 0.8483
791 0.9377
792 0.9678
793 0.9492
794 0.8449
795 0.8641
796 0.8149
797 0.7306
798 0.6826
799 0.6169
800 0.5794
801 0.5538
802 0.5428
803 0.5855
804 0.6150
805 0.7230
806 0.7808
807 0.8422
808 0.9025
809 0.9575
810 0.8878
811 0.7858
812 0.7380
813 0.7171
814 0.7886
815 0.7538
816 0.8089
817 0.8406
818 0.7723
819 0.7793
820 0.7583
821 0.7801
822 0.8197
823 0.9013
824 0.8292
825 0.8564
826 0.7906
827 0.8093
828 0.7705
829 0.7646
830 0.8073
831 0.8625
832 0.8487
833 0.9123
834 1.0012
835 1.0801
836 1.1132
837 1.0433
838 1.0551
839 1.0998
840 1.1119
841 1.0979
842 1.0722
843 1.0595
844 1.0405
845 1.0628
846 1.0818
847 1.1301
848 1.1344
849 1.1572
850 1.1290
851 1.1322
852 1.1456
853 1.1368
854 1.1199
855 1.1170
856 1.0540
857 1.0620
858 1.1092
859 1.0678
860 1.1063
861 1.0980
862 1.1167
863 1.0827
864 1.0287
865 1.0230
866 1.0312
867 0.9666
868 0.9286
869 0.9259
870 0.8527
871 0.7783
872 0.8525
873 0.7487
874 0.6919
875 0.6554
876 0.6643
877 0.5925
878 0.6089
879 0.5820
880 0.5615
881 0.5455
882 0.6319
883 0.6873
884 0.6984
885 0.6529
886 0.6779
887 0.6363
888 0.6666
889 0.6865
890 0.7225
891 0.7875
892 0.8252
893 0.9061
894 0.9186
895 0.8633
896 0.9186
897 0.8875
898 0.8055
899 0.7881
900 0.7048
901 0.6981
902 0.6523
903 0.6531
904 0.6467
905 0.6532
906 0.6835
907 0.6995
908 0.7427
909 0.7562
910 0.8367
911 0.8975
912 0.9337
913 0.8528
914 0.8268
915 0.8930
916 0.8895
917 0.8528
918 0.8793
919 0.8720
920 0.7776
921 0.6889
922 0.6457
923 0.5707
924 0.5598
925 0.4999
926 0.4880
927 0.4611
928 0.4848
929 0.4830
930 0.5655
931 0.6329
932 0.7037
933 0.7606
934 0.8131
935 0.8494
936 0.9258
937 0.9373
938 0.9540
939 0.8911
940 0.8317
941 0.8332
942 0.7524
943 0.7089
944 0.7074
945 0.6521
946 0.5798
947 0.4957
948 0.4474
949 0.4246
950 0.4113
951 0.4369
952 0.4559
953 0.5175
954 0.5482
955 0.6328
956 0.6777
957 0.7706
958 0.8256
959 0.8982
960 0.9535
961 1.0331
962 1.1164
963 1.1540
964 1.1379
965 1.0016
966 1.0250
967 0.9673
968 0.9794
969 1.0557
970 1.0228
971 0.9754
972 1.0531
973 1.0839
974 1.0079
975 1.0123
976 1.1037
977 1.0815
978 1.0161
979 1.0838
980 1.1476
981 1.0846
982 1.0741
983 1.1687
984 1.2076
985 1.1545
986 1.1811
987 1.2741
988 1.2627
989 1.2328
990 1.3143
991 1.4109
992 1.2572
993 1.1548
994 1.3027
995 1.4327
996 1.3607
997 1.3480
998 1.4013
999 1.4622
1000 1.5477
1001 1.6179
1002 1.7399
1003 1.8570
1004 1.9286
1005 2.0453
1006 2.2426
1007 2.3664
1008 2.5676
1009 1.0943
1010 0.9905
1011 0.9069
1012 0.8360
1013 0.8486
1014 0.8755
1015 0.8391
1016 0.7917
1017 0.7682
1018 0.7844
1019 0.7935
1020 0.7751
1021 0.7843
1022 0.7089
1023 0.7021
1024 0.7616
1025 0.7337
1026 0.6741
1027 0.7157
1028 0.7442
1029 0.7523
1030 0.8332
1031 0.8348
1032 0.8644
1033 0.8809
1034 0.9548
1035 0.9579
1036 1.0425
1037 1.0667
1038 1.1095
1039 1.0881
1040 1.1407
1041 1.1221
1042 1.0810
1043 1.0640
1044 0.9907
1045 0.9462
1046 0.8906
1047 0.9330
1048 0.9463
1049 0.9675
1050 1.0444
1051 1.0604
1052 1.0403
1053 1.0879
1054 1.1514
1055 1.1482
1056 1.1504
1057 1.0807
1058 1.0812
1059 1.0445
1060 1.0156
1061 0.9887
1062 0.9426
1063 0.8588
1064 0.8283
1065 0.7581
1066 0.7731
1067 0.7025
1068 0.7042
1069 0.6545
1070 0.6212
1071 0.5715
1072 0.5090
1073 0.4880
1074 0.5541
1075 0.5373
1076 0.6110
1077 0.6153
1078 0.6124
1079 0.6766
1080 0.6539
1081 0.5894
1082 0.5791
1083 0.4899
1084 0.4619
1085 0.4185
1086 0.3834
1087 0.4306
1088 0.5097
1089 0.5250
1090 0.5525
1091 0.5295
1092 0.5511
1093 0.5397
1094 0.4676
1095 0.4504
1096 0.4997
1097 0.5112
1098 0.5565
1099 0.5927
1100 0.6036
1101 0.6341
1102 0.6119
1103 0.6216
1104 0.6624
1105 0.6546
1106 0.6598
1107 0.6689
1108 0.6387
1109 0.6469
1110 0.6083
1111 0.6311
1112 0.6140
1113 0.6438
1114 0.6392
1115 0.6396
1116 0.6871
1117 0.6632
1118 0.5939
1119 0.5607
1120 0.5903
1121 0.5656
1122 0.6249
1123 0.6195
1124 0.6975
1125 0.7106
1126 0.7944
1127 0.8527
1128 0.9017
1129 0.9555
1130 1.0548
1131 1.0938
1132 1.0534
1133 1.1207
1134 1.1940
1135 1.1106
1136 1.0263
1137 1.0217
1138 1.0130
1139 0.9669
1140 0.9532
1141 0.9488
1142 0.8968
1143 0.8355
1144 0.8731
1145 0.9008
1146 0.8465
1147 0.8157
1148 0.8729
1149 0.8796
1150 0.8065
1151 0.8184
1152 0.8735
1153 0.7842
1154 0.7087
1155 0.7260
1156 0.6113
1157 0.6304
1158 0.6012
1159 0.6500
1160 0.6388
1161 0.6758
1162 0.6808
1163 0.7446
1164 0.7380
1165 0.7926
1166 0.7491
1167 0.7154
1168 0.7813
1169 0.7850
1170 0.9016
1171 0.9722
1172 0.9422
1173 0.9597
1174 1.0528
1175 1.0651
1176 1.1560
1177 1.2109
1178 1.1778
1179 1.1842
1180 1.1315
1181 1.0609
1182 1.0607
1183 1.0893
1184 1.0830
1185 1.1502
1186 1.2175
1187 1.2918
1188 1.2808
1189 1.3162
1190 1.2179
1191 1.1483
1192 1.0534
1193 0.9728
1194 0.9454
1195 0.8849
1196 0.7931
1197 0.7003
1198 0.6666
1199 0.6755
1200 0.6312
1201 0.6882
1202 0.6518
1203 0.5761
1204 0.5674
1205 0.5976
1206 0.6267
1207 0.6811
1208 0.7663
1209 0.8151
1210 0.7618
1211 0.7742
1212 0.8827
1213 0.8852
1214 0.8329
1215 0.8873
1216 0.9721
1217 0.9436
1218 0.9271
1219 1.0021
1220 0.9957
1221 0.9689
1222 0.9985
1223 0.9397
1224 0.9661
1225 0.9552
1226 0.9370
1227 0.8403
1228 0.7663
1229 0.7036
1230 0.6870
1231 0.6099
1232 0.5844
1233 0.5995
1234 0.5630
1235 0.4884
1236 0.4902
1237 0.5106
1238 0.4521
1239 0.3890
1240 0.4147
1241 0.3827
1242 0.3977
1243 0.4617
1244 0.4940
1245 0.4630
1246 0.4407
1247 0.4186
1248 0.3673
1249 0.4320
1250 0.4914
1251 0.5396
1252 0.5274
1253 0.6015
1254 0.6113
1255 0.6968
1256 0.7273
1257 0.8035
1258 0.8466
1259 0.9193
1260 0.8767
1261 0.8095
1262 0.7376
1263 0.6790
1264 0.6005
1265 0.5264
1266 0.5447
1267 0.6313
1268 0.6140
1269 0.5974
1270 0.6840
1271 0.7073
1272 0.6500
1273 0.5815
1274 0.4982
1275 0.4541
1276 0.4146
1277 0.4176
1278 0.3727
1279 0.3700
1280 0.3593
1281 0.4110
1282 0.4840
1283 0.5328
1284 0.5782
1285 0.6128
1286 0.6713
1287 0.6263
1288 0.6433
1289 0.5908
1290 0.5945
1291 0.5524
1292 0.6078
1293 0.6415
1294 0.5689
1295 0.5157
1296 0.5259
1297 0.5454
1298 0.4880
1299 0.4771
1300 0.5061
1301 0.4357
1302 0.3968
1303 0.4584
1304 0.4584
1305 0.3776
1306 0.3786
1307 0.4471
1308 0.4180
1309 0.3391
1310 0.3694
1311 0.4331
1312 0.4915
1313 0.5730
1314 0.6179
1315 0.7030
1316 0.7516
1317 0.8286
1318 0.8835
1319 0.9702
1320 1.0183
1321 1.0256
1322 0.9370
1323 0.9143
1324 0.9080
1325 0.8339
1326 0.7830
1327 0.8102
1328 0.7648
1329 0.6929
1330 0.7038
1331 0.7045
1332 0.6156
1333 0.5807
1334 0.5755
1335 0.5806
1336 0.6402
1337 0.7262
1338 0.7999
1339 0.8680
1340 0.9449
1341 0.9599
1342 1.0129
1343 1.0388
1344 1.0629
1345 0.9907
1346 1.0407
1347 0.9892
1348 0.9089
1349 0.8937
1350 0.9234
1351 0.8734
1352 0.8014
1353 0.8268
1354 0.8529
1355 0.7779
1356 0.7284
1357 0.7835
1358 0.7717
1359 0.6825
1360 0.6986
1361 0.7576
1362 0.7034
1363 0.6430
1364 0.5920
1365 0.5317
1366 0.4485
1367 0.3980
1368 0.3308
1369 0.2960
1370 0.3472
1371 0.3509
1372 0.3473
1373 0.4144
1374 0.4513
1375 0.4903
1376 0.5353
1377 0.6078
1378 0.6444
1379 0.7158
1380 0.7314
1381 0.7881
1382 0.7983
1383 0.8589
1384 0.8986
1385 0.8877
1386 0.9003
1387 0.8394
1388 0.8248
1389 0.7876
1390 0.7340
1391 0.7112
1392 0.6463
1393 0.6806
1394 0.7361
1395 0.7813
1396 0.8410
1397 0.7982
1398 0.8120
1399 0.7434
1400 0.7361
1401 0.7615
1402 0.7248
1403 0.7218
1404 0.6968
1405 0.6695
1406 0.6795
1407 0.6217
1408 0.6334
1409 0.5679
1410 0.5765
1411 0.5297
1412 0.5228
1413 0.5407
1414 0.5175
1415 0.4474
1416 0.4391
1417 0.4211
1418 0.4761
1419 0.4239
1420 0.3667
1421 0.3503
1422 0.3466
1423 0.3632
1424 0.4281
1425 0.4429
1426 0.4975
1427 0.4929
1428 0.4949
1429 0.4789
1430 0.4185
1431 0.4347
1432 0.4229
1433 0.4403
1434 0.3922
1435 0.4235
1436 0.4181
1437 0.4590
1438 0.5042
1439 0.5410
1440 0.6192
1441 0.6211
1442 0.6674
1443 0.7525
1444 0.7936
1445 0.8509
1446 0.7859
1447 0.7967
1448 0.8745
1449 0.8655
1450 0.9160
1451 0.8864
1452 0.9461
1453 0.9953
1454 1.0692
1455 1.0590
1456 0.9921
1457 1.0218
1458 1.0775
1459 1.0033
1460 0.9323
1461 0.8904
1462 0.8654
1463 0.9110
1464 0.8598
1465 0.8861
1466 0.9585
1467 0.9204
1468 0.8956
1469 0.8139
1470 0.8157
1471 0.7927
1472 0.7521
1473 0.7777
1474 0.8227
1475 0.8250
1476 0.8796
1477 0.9261
1478 0.9667
1479 0.9104
1480 0.9593
1481 0.9000
1482 0.8458
1483 0.8252
1484 0.8199
1485 0.9169
1486 1.0131
1487 1.0717
1488 1.0680
1489 1.0689
1490 1.0034
1491 1.0547
1492 0.9996
1493 0.9515
1494 0.8791
1495 0.8866
1496 0.9181
1497 0.9620
1498 0.9776
1499 0.9049
1500 0.8329
1501 0.7637
1502 0.8106
1503 0.7806
1504 0.7601
1505 0.7349
1506 0.6952
1507 0.7257
1508 0.7628
1509 0.8183
1510 0.8382
1511 0.9036
1512 0.9204
1513 0.8387
1514 0.7772
1515 0.7308
1516 0.6902
1517 0.6496
1518 0.6104
1519 0.5741
1520 0.5309
1521 0.5132
1522 0.5534
1523 0.5821
1524 0.6315
1525 0.6664
1526 0.7247
1527 0.7787
1528 0.7850
1529 0.7227
1530 0.7268
1531 0.6774
1532 0.6241
1533 0.5880
1534 0.5858
1535 0.5971
1536 0.5973
1537 0.6021
1538 0.6056
1539 0.6251
1540 0.6355
1541 0.6238
1542 0.5975
1543 0.5987
1544 0.6044
1545 0.5999
1546 0.5736
1547 0.6305
1548 0.6268
1549 0.6136
1550 0.6099
1551 0.6599
1552 0.6797
1553 0.6801
1554 0.6749
1555 0.6478
1556 0.6537
1557 0.6488
1558 0.6379
1559 0.6815
1560 0.6989
1561 0.6762
1562 0.6967
1563 0.7102
1564 0.6940
1565 0.6337
1566 0.6516
1567 0.6532
1568 0.6977
1569 0.6967
1570 0.7082
1571 0.7257
1572 0.6457
1573 0.7158
1574 0.6833
1575 0.6238
1576 0.6523
1577 0.6525
1578 0.6955
1579 0.6459
1580 0.6386
1581 0.5894
1582 0.5781
1583 0.5687
1584 0.5639
1585 0.5303
1586 0.5319
1587 0.5308
1588 0.5376
1589 0.5741
1590 0.5963
1591 0.6467
1592 0.6574
1593 0.6318
1594 0.5898
1595 0.5693
1596 0.5421
1597 0.5130
1598 0.4877
1599 0.5017
1600 0.5313
1601 0.5374
1602 0.6031
1603 0.6385
1604 0.6542
1605 0.5991
1606 0.5651
1607 0.5639
1608 0.5756
1609 0.5310
1610 0.5400
1611 0.4884
1612 0.4497
1613 0.4219
1614 0.4586
1615 0.4822
1616 0.4875
1617 0.4292
1618 0.3937
1619 0.4461
1620 0.4788
1621 0.5360
1622 0.5199
1623 0.5207
1624 0.5644
1625 0.5475
1626 0.5911
1627 0.6836
1628 0.7969
1629 0.8039
1630 0.7700
1631 0.7815
1632 0.7596
1633 0.7479
1634 0.6962
1635 0.7696
1636 0.7296
1637 0.7285
1638 0.6013
1639 0.5472
1640 0.4820
1641 0.5115
1642 0.4933
1643 0.4606
1644 0.4825
1645 0.5155
1646 0.5916
1647 0.6555
1648 0.7779
1649 0.8647
1650 0.9566
1651 1.0825
1652 1.0811
1653 1.0859
1654 1.2101
1655 1.1621
1656 1.0182
1657 1.0109
1658 1.0605
1659 1.0036
1660 0.8167
1661 0.6824
1662 0.6939
1663 0.5992
1664 0.6303
1665 0.6309
1666 0.7109
1667 0.7905
1668 0.8892
1669 0.9587
1670 0.8787
1671 0.8675
1672 0.7846
1673 0.7589
1674 0.7236
1675 0.6838
1676 0.6929
1677 0.6107
1678 0.6711
1679 0.6873
1680 0.7187
1681 0.7849
1682 0.7691
1683 0.7342
1684 0.6974
1685 0.6291
1686 0.6558
1687 0.6317
1688 0.7378
1689 0.7521
1690 0.8662
1691 0.9578
1692 0.9905
1693 0.9078
1694 0.9522
1695 0.9829
1696 0.9645
1697 0.9903
1698 0.8945
1699 0.8942
1700 0.9158
1701 0.9547
1702 1.0593
1703 1.1452
1704 1.0811
1705 1.0491
1706 1.1577
1707 1.1859
1708 1.1060
1709 1.1248
1710 1.2297
1711 1.2093
1712 1.1479
1713 1.2282
1714 1.2992
1715 1.2500
1716 1.2414
1717 1.3398
1718 1.3792
1719 1.3255
1720 1.3522
1721 1.4548
1722 1.4489
1723 1.3925
1724 1.4590
1725 1.5370
1726 1.4856
1727 1.4584
1728 1.5618
1729 1.5974
1730 1.5263
1731 1.5623
1732 1.6660
1733 1.6408
1734 1.5862
1735 1.6720
1736 1.7386
1737 1.6765
1738 1.6756
1739 1.7881
1740 1.7979
1741 1.7374
1742 1.8047
1743 1.8992
1744 1.8684
1745 1.8435
1746 1.9497
1747 1.9985
1748 1.9403
1749 1.9694
1750 2.0835
1751 2.0866
1752 2.0775
1753 2.0950
1754 2.1410
1755 2.0266
1756 1.9584
1757 2.0458
1758 2.0309
1759 2.0803
1760 2.0658
1761 2.0493
1762 2.0622
1763 2.0559
1764 2.0969
1765 2.0406
1766 1.9976
1767 1.9565
1768 1.9464
1769 1.9263
1770 1.9613
