      0.000  934.691
    100.000  947.169
    200.000  944.389
    300.000  945.199
    400.000  940.661
    500.000  944.145
    600.000  943.463
    700.000  950.289
    800.000  950.094
    900.000  949.188
   1000.000  945.629
   1100.000  950.164
   1200.000  947.065
   1300.000  946.620
   1400.000  945.559
   1500.000  951.443
   1600.000  952.955
   1700.000  950.862
   1800.000  947.684
   1900.000  948.556
   2000.000  944.984
   2100.000  953.562
   2200.000  947.753
   2300.000  955.183
   2400.000  952.563
   2500.000  955.877
   2600.000  956.538
   2700.000  949.688
   2800.000  951.794
   2900.000  950.222
   3000.000  950.400
   3100.000  951.000
   3200.000  947.695
   3300.000  948.329
   3400.000  951.963
   3500.000  948.564
   3600.000  947.991
   3700.000  950.627
   3800.000  951.660
   3900.000  949.928
   4000.000  950.370
   4100.000  949.337
   4200.000  954.208
   4300.000  945.061
   4400.000  944.458
   4500.000  943.010
   4600.000  949.085
   4700.000  948.418
   4800.000  947.983
   4900.000  954.080
   5000.000  950.850
   5100.000  957.212
   5200.000  950.637
   5300.000  948.102
   5400.000  951.978
   5500.000  954.213
   5600.000  953.495
   5700.000  948.269
   5800.000  950.802
   5900.000  957.870
   6000.000  949.816
   6100.000  954.046
   6200.000  949.700
   6300.000  946.064
   6400.000  946.163
   6500.000  943.893
   6600.000  945.295
   6700.000  953.594
   6800.000  952.373
   6900.000  948.564
   7000.000  955.245
   7100.000  953.919
   7200.000  951.723
   7300.000  954.367
   7400.000  953.646
   7500.000  952.561
   7600.000  962.183
   7700.000  956.139
   7800.000  958.038
   7900.000  953.931
   8000.000  955.370
   8100.000  951.443
   8200.000  956.566
   8300.000  959.181
   8400.000  951.097
   8500.000  955.463
   8600.000  956.256
   8700.000  954.489
   8800.000  954.487
   8900.000  953.943
   9000.000  951.255
   9100.000  951.370
   9200.000  953.475
   9300.000  954.906
   9400.000  954.201
   9500.000  956.493
   9600.000  958.883
   9700.000  954.311
   9800.000  956.253
   9900.000  953.048
  10000.000  952.724
  10100.000  953.877
  10200.000  960.974
  10300.000  952.367
  10400.000  950.807
  10500.000  950.914
  10600.000  953.856
  10700.000  948.093
  10800.000  950.862
  10900.000  956.959
  11000.000  950.166
  11100.000  951.733
  11200.000  950.491
  11300.000  950.762
  11400.000  951.158
  11500.000  952.232
  11600.000  953.093
  11700.000  950.895
  11800.000  955.527
  11900.000  961.324
  12000.000  955.726
  12100.000  954.708
  12200.000  952.104
  12300.000  952.999
  12400.000  956.042
  12500.000  951.661
  12600.000  951.546
  12700.000  952.516
  12800.000  954.463
  12900.000  950.244
  13000.000  953.283
  13100.000  953.274
  13200.000  950.971
  13300.000  951.163
  13400.000  951.783
  13500.000  954.693
  13600.000  949.121
  13700.000  950.814
  13800.000  950.944
  13900.000  953.460
  14000.000  953.486
  14100.000  949.766
  14200.000  957.024
  14300.000  953.362
  14400.000  956.656
  14500.000  958.484
  14600.000  955.233
  14700.000  957.955
  14800.000  952.497
  14900.000  951.656
  15000.000  952.573
  15100.000  946.350
  15200.000  949.020
  15300.000  954.657
  15400.000  950.782
  15500.000  958.781
  15600.000  954.814
  15700.000  958.638
  15800.000  954.420
  15900.000  953.048
  16000.000  958.906
  16100.000  959.610
  16200.000  959.495
  16300.000  952.890
  16400.000  956.604
  16500.000  954.600
  16600.000  957.344
  16700.000  959.986
  16800.000  957.160
  16900.000  954.935
  17000.000  956.293
  17100.000  955.151
  17200.000  953.878
  17300.000  952.777
  17400.000  954.257
  17500.000  950.439
  17600.000  956.473
  17700.000  957.294
  17800.000  955.702
  17900.000  957.320
  18000.000  955.147
  18100.000  954.359
  18200.000  959.098
  18300.000  952.994
  18400.000  953.643
  18500.000  954.087
  18600.000  957.810
  18700.000  954.642
  18800.000  951.873
  18900.000  952.847
  19000.000  956.466
  19100.000  950.995
  19200.000  951.588
  19300.000  954.795
  19400.000  955.928
  19500.000  950.656
  19600.000  953.513
  19700.000  955.346
  19800.000  953.728
  19900.000  949.295
  20000.000  957.325
