      0.000  934.691
    100.000  940.057
    200.000  938.714
    300.000  945.307
    400.000  946.470
    500.000  943.666
    600.000  949.518
    700.000  944.509
    800.000  941.694
    900.000  946.836
   1000.000  945.654
   1100.000  948.105
   1200.000  949.085
   1300.000  946.989
   1400.000  945.986
   1500.000  948.632
   1600.000  949.113
   1700.000  946.373
   1800.000  949.661
   1900.000  943.291
   2000.000  949.241
   2100.000  946.618
   2200.000  955.779
   2300.000  952.065
   2400.000  951.906
   2500.000  948.289
   2600.000  951.159
   2700.000  944.785
   2800.000  953.845
   2900.000  953.679
   3000.000  950.864
   3100.000  949.956
   3200.000  956.770
   3300.000  948.666
   3400.000  949.118
   3500.000  946.454
   3600.000  951.915
   3700.000  952.891
   3800.000  949.562
   3900.000  950.118
   4000.000  951.851
   4100.000  950.397
   4200.000  955.361
   4300.000  950.493
   4400.000  952.337
   4500.000  951.795
   4600.000  950.780
   4700.000  950.456
   4800.000  953.107
   4900.000  952.250
   5000.000  954.032
   5100.000  955.073
   5200.000  957.523
   5300.000  954.563
   5400.000  949.689
   5500.000  954.781
   5600.000  947.431
   5700.000  952.300
   5800.000  950.522
   5900.000  949.950
   6000.000  946.851
   6100.000  946.257
   6200.000  952.233
   6300.000  946.993
   6400.000  954.269
   6500.000  952.922
   6600.000  950.199
   6700.000  951.380
   6800.000  946.148
   6900.000  953.826
   7000.000  948.785
   7100.000  945.097
   7200.000  947.575
   7300.000  948.351
   7400.000  946.446
   7500.000  946.892
   7600.000  946.464
   7700.000  950.043
   7800.000  944.116
   7900.000  947.976
   8000.000  952.000
   8100.000  951.709
   8200.000  947.131
   8300.000  946.486
   8400.000  949.334
   8500.000  951.813
   8600.000  948.659
   8700.000  948.627
   8800.000  950.946
   8900.000  949.893
   9000.000  947.605
   9100.000  951.162
   9200.000  951.471
   9300.000  950.062
   9400.000  950.935
   9500.000  947.947
   9600.000  951.538
   9700.000  949.514
   9800.000  943.845
   9900.000  954.892
  10000.000  939.066
  10100.000  946.057
  10200.000  948.867
  10300.000  952.336
  10400.000  950.161
  10500.000  952.126
  10600.000  948.716
  10700.000  948.982
  10800.000  951.119
  10900.000  950.092
  11000.000  946.762
  11100.000  946.429
  11200.000  950.526
  11300.000  949.163
  11400.000  951.548
  11500.000  951.033
  11600.000  951.569
  11700.000  947.146
  11800.000  944.893
  11900.000  947.795
  12000.000  942.897
  12100.000  947.738
  12200.000  949.422
  12300.000  951.403
  12400.000  949.932
  12500.000  949.712
  12600.000  944.437
  12700.000  948.513
  12800.000  950.385
  12900.000  944.435
  13000.000  948.386
  13100.000  948.487
  13200.000  945.976
  13300.000  953.780
  13400.000  948.746
  13500.000  947.293
  13600.000  944.582
  13700.000  956.552
  13800.000  950.509
  13900.000  955.978
  14000.000  948.729
  14100.000  949.054
  14200.000  951.662
  14300.000  955.715
  14400.000  953.098
  14500.000  951.785
  14600.000  957.119
  14700.000  954.253
  14800.000  951.806
  14900.000  951.255
  15000.000  949.730
  15100.000  949.977
  15200.000  952.515
  15300.000  955.623
  15400.000  948.282
  15500.000  955.568
  15600.000  949.471
  15700.000  948.914
  15800.000  947.549
  15900.000  947.398
  16000.000  950.913
  16100.000  951.607
  16200.000  952.214
  16300.000  947.354
  16400.000  949.248
  16500.000  952.100
  16600.000  952.714
  16700.000  950.505
  16800.000  947.325
  16900.000  952.224
  17000.000  953.087
  17100.000  950.427
  17200.000  950.955
  17300.000  952.114
  17400.000  952.206
  17500.000  952.846
  17600.000  946.090
  17700.000  951.992
  17800.000  950.545
  17900.000  950.750
  18000.000  953.968
  18100.000  952.456
  18200.000  952.210
  18300.000  954.933
  18400.000  958.398
  18500.000  947.726
  18600.000  952.966
  18700.000  952.086
  18800.000  949.817
  18900.000  950.265
  19000.000  950.914
  19100.000  954.039
  19200.000  950.041
  19300.000  953.047
  19400.000  947.974
  19500.000  949.906
  19600.000  954.542
  19700.000  953.486
  19800.000  959.412
  19900.000  947.782
  20000.000  950.078
