0.000 938.444 938.444 938.444
100.000 945.990 945.395 941.294
200.000 946.519 946.543 949.761
300.000 953.798 947.911 946.054
400.000 942.766 951.626 942.102
500.000 945.020 947.432 949.011
600.000 946.454 955.262 953.055
700.000 946.011 954.084 949.653
800.000 943.483 946.850 948.330
900.000 946.998 949.794 949.090
1000.000 947.802 957.872 949.802
1100.000 951.437 955.130 949.441
1200.000 954.327 950.241 952.353
1300.000 949.045 956.353 953.774
1400.000 946.260 953.576 950.233
1500.000 954.091 953.637 948.785
1600.000 957.681 952.144 949.107
1700.000 955.433 955.400 950.560
1800.000 958.015 946.967 951.137
1900.000 958.449 948.705 957.066
2000.000 958.680 954.935 946.538
2100.000 953.148 953.938 952.018
2200.000 953.092 952.379 951.658
2300.000 955.653 951.805 951.192
2400.000 954.571 953.155 953.738
2500.000 955.364 955.023 949.435
2600.000 953.802 954.002 952.457
2700.000 954.638 953.922 954.621
2800.000 951.342 942.304 949.607
2900.000 955.960 948.568 952.459
3000.000 961.530 954.614 948.068
3100.000 959.427 954.211 946.275
3200.000 952.927 955.288 947.256
3300.000 958.388 952.083 950.686
3400.000 957.133 950.433 952.081
3500.000 952.819 948.674 954.344
3600.000 955.259 956.379 948.053
3700.000 953.680 954.644 956.201
3800.000 952.159 955.299 948.499
3900.000 953.523 952.998 950.822
4000.000 959.114 955.544 945.786
4100.000 959.113 953.102 947.641
4200.000 955.454 954.253 945.686
4300.000 956.788 955.439 950.778
4400.000 955.847 959.629 945.593
4500.000 945.823 953.388 945.327
4600.000 958.202 959.046 948.747
4700.000 952.775 957.974 945.122
4800.000 958.833 959.240 946.068
4900.000 955.678 956.591 950.989
5000.000 956.663 956.175 947.503
5100.000 961.046 954.140 948.429
5200.000 960.488 957.715 953.309
5300.000 957.888 957.123 943.929
5400.000 957.206 948.833 941.884
5500.000 956.277 956.313 945.054
5600.000 956.888 954.604 942.383
5700.000 955.213 957.135 943.593
5800.000 953.736 958.719 938.196
5900.000 955.315 959.733 950.810
6000.000 957.568 956.667 941.589
6100.000 955.364 956.289 944.219
6200.000 957.799 957.265 943.548
6300.000 954.936 958.863 943.398
6400.000 952.388 956.297 947.896
6500.000 952.824 948.161 947.031
6600.000 950.170 951.265 945.042
6700.000 959.619 957.023 950.527
6800.000 947.952 948.707 941.740
6900.000 952.708 957.995 937.326
7000.000 953.841 959.401 944.188
7100.000 954.679 955.877 940.951
7200.000 955.373 955.707 936.427
7300.000 952.113 949.890 942.320
7400.000 957.093 950.341 939.179
7500.000 952.641 953.534 946.306
7600.000 953.625 956.198 946.399
7700.000 955.399 950.869 941.736
7800.000 952.388 953.170 950.186
7900.000 956.882 949.967 943.117
8000.000 947.884 953.553 948.145
8100.000 952.268 950.855 944.038
8200.000 952.585 950.885 949.651
8300.000 956.219 952.689 946.859
8400.000 958.547 949.035 947.167
8500.000 953.732 948.799 948.507
8600.000 953.792 950.756 951.801
8700.000 956.860 951.439 948.549
8800.000 961.020 953.205 947.840
8900.000 955.498 952.523 948.456
9000.000 958.488 955.888 948.284
9100.000 956.559 952.528 949.532
9200.000 953.774 951.848 950.348
9300.000 949.594 946.967 944.851
9400.000 952.187 956.546 953.058
9500.000 957.252 951.986 952.371
9600.000 951.484 951.675 949.699
9700.000 952.927 948.650 952.922
9800.000 953.741 944.579 947.723
9900.000 960.488 952.263 951.186
10000.000 955.764 952.721 946.086
10100.000 952.678 955.510 949.309
10200.000 957.942 961.541 945.349
10300.000 957.948 955.112 950.504
10400.000 954.072 952.856 946.455
10500.000 952.235 959.844 949.837
10600.000 955.859 956.929 952.280
10700.000 956.748 955.490 946.129
10800.000 957.085 946.374 949.420
10900.000 958.013 955.119 944.914
11000.000 950.981 954.370 948.992
11100.000 954.850 957.349 951.996
11200.000 951.753 954.692 945.160
11300.000 953.863 956.431 950.618
11400.000 953.566 947.387 946.926
11500.000 954.488 952.235 946.346
11600.000 955.204 952.529 947.632
11700.000 952.524 957.649 943.867
11800.000 951.286 957.745 946.957
11900.000 955.741 955.015 946.867
12000.000 943.532 955.074 942.849
12100.000 948.401 953.870 944.588
12200.000 951.045 951.333 939.422
12300.000 951.036 954.101 944.614
12400.000 947.055 948.666 951.588
12500.000 950.790 950.135 947.127
12600.000 948.097 952.114 941.280
12700.000 948.691 952.311 948.530
12800.000 952.344 954.568 946.888
12900.000 953.546 958.304 941.228
13000.000 947.711 948.583 949.850
13100.000 949.710 958.557 944.188
13200.000 954.980 952.139 945.269
13300.000 949.773 954.171 946.698
13400.000 951.247 948.682 947.002
13500.000 947.835 947.611 948.328
13600.000 952.010 948.687 943.622
13700.000 949.049 954.215 946.730
13800.000 951.802 953.156 951.756
13900.000 950.028 951.212 945.719
14000.000 952.282 947.768 946.069
14100.000 952.912 952.329 943.089
14200.000 955.466 947.640 943.980
14300.000 954.221 950.600 946.734
14400.000 956.025 950.442 945.393
14500.000 953.012 944.001 939.611
14600.000 955.604 937.527 943.555
14700.000 956.149 951.771 947.855
14800.000 953.295 949.525 940.845
14900.000 957.129 945.126 946.526
15000.000 955.553 946.547 944.051
15100.000 954.886 943.547 945.064
15200.000 963.884 947.165 949.784
15300.000 961.529 945.448 947.856
15400.000 955.597 945.756 939.797
15500.000 960.433 942.554 943.184
15600.000 956.120 945.485 950.612
15700.000 956.533 946.611 943.912
15800.000 961.572 952.127 953.550
15900.000 951.782 945.451 942.732
16000.000 958.774 948.720 952.428
16100.000 957.331 950.228 941.695
16200.000 958.382 950.191 943.424
16300.000 958.125 948.479 945.249
16400.000 958.345 952.730 949.515
16500.000 960.326 946.653 946.397
16600.000 957.544 952.477 946.770
16700.000 955.943 952.551 945.791
16800.000 958.262 951.345 947.196
16900.000 952.104 955.817 947.656
17000.000 959.342 950.376 943.152
17100.000 956.423 951.603 940.884
17200.000 955.461 948.160 947.370
17300.000 961.724 949.777 949.860
17400.000 959.653 953.315 951.358
17500.000 959.094 944.130 947.600
17600.000 957.385 950.820 952.474
17700.000 958.139 954.480 951.096
17800.000 961.666 954.028 948.828
17900.000 954.080 949.673 950.271
18000.000 957.432 945.289 942.447
18100.000 956.659 951.518 949.824
18200.000 953.249 945.886 956.540
18300.000 954.874 952.258 948.543
18400.000 950.262 941.859 948.789
18500.000 949.968 947.822 953.657
18600.000 955.909 949.218 949.695
18700.000 955.047 947.942 954.152
18800.000 954.093 944.638 945.306
18900.000 952.980 946.118 949.258
19000.000 956.536 951.241 946.013
19100.000 956.679 949.773 946.232
19200.000 953.184 944.882 952.598
19300.000 958.867 946.888 944.756
19400.000 953.608 947.516 947.514
19500.000 951.660 946.482 943.782
19600.000 954.930 945.624 949.231
19700.000 955.168 941.986 953.311
19800.000 958.116 946.684 950.455
19900.000 956.446 945.315 944.646
20000.000 956.325 946.593 949.900
