0.000 938.444 938.444 938.444
100.000 942.128 945.065 941.338
200.000 941.939 948.048 940.712
300.000 942.738 948.379 946.038
400.000 945.205 948.788 945.117
500.000 941.171 949.882 942.950
600.000 947.231 942.821 941.402
700.000 944.484 947.463 946.626
800.000 949.715 945.750 950.295
900.000 943.145 950.996 945.500
1000.000 949.151 944.705 945.348
1100.000 942.317 945.527 952.020
1200.000 945.630 942.283 950.236
1300.000 939.665 947.415 946.083
1400.000 941.949 938.224 946.505
1500.000 942.866 948.832 944.338
1600.000 948.021 946.367 941.430
1700.000 946.134 953.201 941.302
1800.000 945.376 950.940 944.356
1900.000 942.736 947.469 942.831
2000.000 941.187 946.852 948.762
2100.000 944.360 948.334 947.793
2200.000 945.918 946.620 948.590
2300.000 944.969 952.003 946.438
2400.000 944.425 941.743 951.205
2500.000 943.259 950.377 949.789
2600.000 948.199 950.325 948.133
2700.000 948.324 953.878 949.755
2800.000 947.992 952.108 949.198
2900.000 949.320 947.301 949.499
3000.000 943.505 946.178 950.037
3100.000 947.280 953.173 945.240
3200.000 945.547 956.330 947.554
3300.000 945.606 952.079 946.932
3400.000 944.666 953.659 949.480
3500.000 947.307 949.896 950.981
3600.000 951.021 952.929 952.437
3700.000 949.306 950.914 951.635
3800.000 946.390 953.611 953.212
3900.000 948.077 951.530 950.357
4000.000 950.485 948.913 947.261
4100.000 945.678 944.891 944.932
4200.000 950.197 955.690 943.431
4300.000 942.596 950.838 951.694
4400.000 947.369 949.536 942.642
4500.000 944.853 948.432 951.553
4600.000 949.851 951.989 945.990
4700.000 948.390 949.525 948.243
4800.000 950.889 945.230 950.777
4900.000 943.395 948.956 953.066
5000.000 950.182 953.518 951.389
5100.000 950.786 946.823 954.709
5200.000 948.715 949.709 948.234
5300.000 944.381 948.285 950.332
5400.000 946.098 948.497 952.089
5500.000 949.078 949.401 949.307
5600.000 943.086 951.515 952.938
5700.000 945.471 953.063 951.383
5800.000 947.087 955.731 952.370
5900.000 949.710 949.846 951.681
6000.000 943.895 951.021 948.089
6100.000 950.729 950.194 948.028
6200.000 953.304 955.251 953.449
6300.000 947.595 951.998 949.324
6400.000 948.905 952.354 950.800
6500.000 952.283 946.284 948.489
6600.000 952.032 947.875 950.254
6700.000 948.040 953.106 951.708
6800.000 951.141 951.947 948.352
6900.000 954.449 951.297 954.562
7000.000 948.295 949.619 953.684
7100.000 953.000 950.233 951.325
7200.000 952.368 956.132 953.686
7300.000 949.447 951.306 953.553
7400.000 947.823 951.544 950.949
7500.000 951.891 950.671 951.394
7600.000 947.210 950.054 948.699
7700.000 948.811 948.075 951.864
7800.000 949.036 949.603 950.773
7900.000 949.275 955.894 949.703
8000.000 948.541 948.649 949.143
8100.000 945.589 949.309 950.941
8200.000 946.065 949.630 944.290
8300.000 947.214 945.915 948.172
8400.000 948.921 952.962 942.961
8500.000 947.307 953.344 946.941
8600.000 947.285 953.314 944.241
8700.000 955.052 949.441 949.411
8800.000 947.301 950.356 947.602
8900.000 948.897 950.508 952.607
9000.000 950.970 950.601 946.387
9100.000 949.800 950.943 951.971
9200.000 949.558 950.848 957.957
9300.000 945.088 951.559 948.629
9400.000 945.205 951.260 952.589
9500.000 948.191 949.240 951.253
9600.000 946.953 948.253 945.672
9700.000 950.480 949.118 946.956
9800.000 948.972 949.031 947.896
9900.000 946.753 953.814 948.022
10000.000 952.274 946.424 950.017
10100.000 940.471 948.700 950.865
10200.000 947.905 950.709 954.677
10300.000 945.268 949.863 947.008
10400.000 948.650 948.578 948.294
10500.000 949.032 949.938 951.365
10600.000 948.105 951.714 949.355
10700.000 951.816 951.590 950.828
10800.000 945.621 950.191 953.468
10900.000 948.187 951.704 955.011
11000.000 949.067 949.580 957.079
11100.000 947.759 947.910 951.496
11200.000 943.377 951.899 954.784
11300.000 941.973 954.604 945.346
11400.000 944.543 949.043 948.940
11500.000 954.549 947.909 948.833
11600.000 951.226 951.447 949.758
11700.000 951.694 951.572 951.848
11800.000 951.396 948.183 951.712
11900.000 945.985 949.621 953.097
12000.000 945.020 946.588 949.190
12100.000 947.872 948.205 947.654
12200.000 944.900 949.514 950.614
12300.000 941.663 950.940 949.569
12400.000 944.722 949.770 944.574
12500.000 940.699 952.132 949.398
12600.000 933.190 952.446 956.033
12700.000 938.235 952.138 946.478
12800.000 942.535 953.053 949.965
12900.000 942.428 959.544 954.054
13000.000 941.026 952.661 950.213
13100.000 940.761 948.443 952.687
13200.000 939.281 954.875 948.013
13300.000 940.605 946.174 947.888
13400.000 938.513 950.064 948.173
13500.000 943.391 948.588 953.005
13600.000 942.509 950.843 945.132
13700.000 941.210 951.694 947.595
13800.000 941.826 951.662 951.092
13900.000 939.776 949.114 948.734
14000.000 942.310 948.947 943.875
14100.000 946.541 954.392 948.289
14200.000 941.535 948.427 952.305
14300.000 944.307 945.028 949.094
14400.000 945.792 944.626 946.332
14500.000 946.649 944.589 951.668
14600.000 947.225 951.558 953.351
14700.000 942.114 956.720 950.719
14800.000 942.129 953.009 954.797
14900.000 942.758 947.795 954.460
15000.000 943.557 950.561 955.801
15100.000 939.295 957.515 956.534
15200.000 945.853 955.027 952.080
15300.000 947.437 954.545 948.418
15400.000 944.924 954.030 949.817
15500.000 943.815 950.924 954.663
15600.000 945.067 953.872 953.733
15700.000 942.617 950.932 952.087
15800.000 949.562 950.813 951.034
15900.000 941.345 948.712 952.540
16000.000 944.022 951.720 951.119
16100.000 937.253 947.447 951.480
16200.000 940.295 948.533 954.807
16300.000 941.901 954.419 952.570
16400.000 944.922 957.019 955.824
16500.000 940.426 956.105 952.595
16600.000 939.746 952.347 956.563
16700.000 949.231 952.367 950.712
16800.000 947.985 958.916 954.967
16900.000 944.853 951.078 944.800
17000.000 944.142 953.433 957.020
17100.000 936.665 946.870 956.508
17200.000 943.009 956.059 954.198
17300.000 942.967 948.869 953.019
17400.000 947.613 948.051 953.596
17500.000 942.854 952.996 952.237
17600.000 942.331 950.692 955.907
17700.000 937.659 944.998 957.668
17800.000 941.185 948.583 958.796
17900.000 943.687 949.973 959.445
18000.000 949.211 953.247 958.974
18100.000 946.915 950.318 960.867
18200.000 944.096 951.949 954.840
18300.000 944.775 952.473 957.249
18400.000 944.837 949.908 955.588
18500.000 949.112 957.437 954.394
18600.000 949.793 955.953 961.314
18700.000 943.815 951.540 958.467
18800.000 948.560 955.761 961.497
18900.000 944.581 951.288 957.690
19000.000 946.708 956.282 956.460
19100.000 947.478 957.955 951.809
19200.000 945.161 949.526 960.265
19300.000 947.348 952.439 957.382
19400.000 942.113 957.201 954.130
19500.000 942.853 952.518 955.531
19600.000 956.074 956.482 954.912
19700.000 944.504 957.603 957.725
19800.000 946.196 958.258 955.347
19900.000 944.299 955.200 955.367
20000.000 947.975 949.014 957.608
