0.000 938.444 938.444 938.444
100.000 943.651 947.960 944.039
200.000 943.943 950.017 947.311
300.000 939.865 947.391 949.895
400.000 946.062 951.539 945.083
500.000 946.505 951.442 949.778
600.000 942.742 939.887 939.583
700.000 947.031 942.297 942.776
800.000 942.728 948.388 940.531
900.000 942.574 946.731 937.831
1000.000 950.358 945.658 941.112
1100.000 945.853 948.518 938.705
1200.000 945.671 940.362 941.046
1300.000 946.331 946.074 938.152
1400.000 946.462 945.584 937.101
1500.000 948.843 951.169 940.977
1600.000 950.320 948.124 936.180
1700.000 950.958 948.754 938.257
1800.000 950.263 948.917 941.935
1900.000 939.238 948.413 940.093
2000.000 942.659 952.752 936.627
2100.000 949.099 945.868 936.181
2200.000 947.982 947.508 940.631
2300.000 943.673 947.756 938.397
2400.000 948.210 949.759 939.683
2500.000 944.157 951.182 940.851
2600.000 946.882 944.715 937.650
2700.000 944.900 950.071 943.978
2800.000 945.592 944.198 937.463
2900.000 951.513 945.596 938.429
3000.000 941.547 945.995 935.577
3100.000 941.259 946.091 945.103
3200.000 942.147 952.205 942.499
3300.000 947.945 952.030 941.999
3400.000 943.012 948.924 938.539
3500.000 947.390 948.023 941.104
3600.000 945.251 946.367 943.577
3700.000 946.067 947.417 945.946
3800.000 945.461 944.690 941.187
3900.000 946.094 943.284 946.057
4000.000 945.696 946.223 947.465
4100.000 945.292 946.543 946.379
4200.000 946.081 950.949 938.471
4300.000 942.197 952.984 945.209
4400.000 939.348 944.261 941.343
4500.000 943.873 949.482 944.769
4600.000 945.143 946.382 941.828
4700.000 936.557 947.202 940.988
4800.000 943.627 947.092 944.921
4900.000 948.982 948.717 942.692
5000.000 947.881 945.733 946.971
5100.000 944.108 943.841 949.411
5200.000 950.805 951.855 942.043
5300.000 943.101 952.182 948.086
5400.000 947.525 948.545 946.894
5500.000 943.193 948.154 945.696
5600.000 947.443 955.722 944.395
5700.000 945.712 948.700 948.122
5800.000 947.483 947.755 943.428
5900.000 943.451 945.864 948.406
6000.000 948.147 945.805 945.300
6100.000 950.573 947.169 952.463
6200.000 950.858 949.581 942.956
6300.000 949.671 943.672 948.741
6400.000 949.282 947.895 948.194
6500.000 944.435 942.450 948.935
6600.000 952.252 946.072 947.653
6700.000 947.410 948.894 942.271
6800.000 945.988 945.234 945.333
6900.000 944.187 946.845 947.158
7000.000 948.050 946.518 942.763
7100.000 949.328 943.163 943.869
7200.000 947.510 949.082 946.792
7300.000 948.023 943.251 942.073
7400.000 950.002 952.656 951.094
7500.000 950.927 944.641 946.633
7600.000 948.691 941.542 946.058
7700.000 948.024 947.508 943.871
7800.000 953.446 949.030 947.373
7900.000 957.194 948.950 946.840
8000.000 942.386 948.935 945.896
8100.000 949.800 949.714 944.039
8200.000 944.518 947.336 946.382
8300.000 953.494 949.711 947.003
8400.000 948.701 954.151 942.246
8500.000 958.046 945.628 946.121
8600.000 947.216 947.366 944.048
8700.000 948.679 947.444 946.955
8800.000 955.021 946.082 941.253
8900.000 959.586 948.080 947.264
9000.000 952.906 947.301 947.158
9100.000 955.038 944.363 944.237
9200.000 954.489 944.887 946.218
9300.000 951.789 947.238 947.243
9400.000 957.214 942.835 945.903
9500.000 950.330 947.993 947.422
9600.000 950.885 946.439 944.709
9700.000 946.904 949.855 945.100
9800.000 961.993 950.091 944.134
9900.000 953.608 945.806 942.076
10000.000 951.504 944.528 948.187
10100.000 957.751 950.350 949.918
10200.000 950.881 955.506 943.221
10300.000 953.945 951.290 947.152
10400.000 951.884 948.802 950.993
10500.000 958.799 946.181 944.522
10600.000 957.451 943.904 942.636
10700.000 951.060 947.700 950.018
10800.000 950.553 948.429 944.659
10900.000 946.908 948.968 947.260
11000.000 952.664 947.465 948.002
11100.000 944.482 946.499 943.287
11200.000 949.996 949.092 948.882
11300.000 952.829 949.906 952.336
11400.000 948.970 947.758 949.666
11500.000 948.377 946.006 953.076
11600.000 948.650 943.295 953.049
11700.000 950.986 948.994 954.149
11800.000 948.068 946.625 952.078
11900.000 951.283 939.268 957.257
12000.000 947.474 941.075 954.154
12100.000 952.089 948.499 951.447
12200.000 942.815 942.944 955.348
12300.000 948.399 941.208 951.229
12400.000 944.985 949.966 949.285
12500.000 951.239 952.872 948.369
12600.000 946.938 948.931 949.794
12700.000 945.012 949.021 944.408
12800.000 946.382 945.025 947.400
12900.000 946.838 946.031 948.074
13000.000 948.332 947.674 946.337
13100.000 948.779 951.379 946.638
13200.000 946.350 950.279 947.716
13300.000 951.818 950.521 949.316
13400.000 948.473 945.958 944.975
13500.000 951.076 950.924 955.522
13600.000 948.137 943.423 956.454
13700.000 945.203 942.184 953.000
13800.000 947.775 946.375 949.597
13900.000 950.154 954.259 953.868
14000.000 947.334 944.971 951.717
14100.000 945.961 943.742 947.905
14200.000 953.964 949.219 949.776
14300.000 950.089 944.498 950.405
14400.000 948.522 939.658 954.432
14500.000 945.054 940.914 953.376
14600.000 954.077 942.552 948.329
14700.000 948.413 939.063 950.592
14800.000 950.772 949.403 956.195
14900.000 948.652 948.351 955.968
15000.000 945.846 942.117 948.591
15100.000 950.390 943.244 956.795
15200.000 947.645 943.622 955.107
15300.000 950.092 940.187 948.036
15400.000 950.669 947.208 946.886
15500.000 943.924 949.840 951.626
15600.000 944.106 946.670 949.004
15700.000 945.177 949.068 953.053
15800.000 950.658 945.189 949.149
15900.000 945.928 950.437 949.198
16000.000 946.373 947.581 948.016
16100.000 953.423 946.350 956.150
16200.000 955.821 945.828 950.425
16300.000 949.190 947.535 949.690
16400.000 952.459 949.523 946.541
16500.000 953.751 949.770 947.231
16600.000 952.187 947.330 952.731
16700.000 948.479 948.117 947.377
16800.000 948.030 952.802 949.341
16900.000 951.017 948.965 946.092
17000.000 952.026 947.339 952.494
17100.000 959.205 950.928 950.427
17200.000 952.752 945.068 948.256
17300.000 949.582 943.120 949.865
17400.000 949.446 946.170 942.130
17500.000 954.888 947.493 946.097
17600.000 952.051 945.910 952.067
17700.000 955.840 954.047 952.740
17800.000 949.027 954.122 947.873
17900.000 948.338 952.758 957.359
18000.000 951.214 950.726 952.481
18100.000 956.193 947.419 949.991
18200.000 949.566 946.931 950.774
18300.000 951.653 946.119 954.224
18400.000 951.347 948.240 949.076
18500.000 947.839 943.795 952.366
18600.000 953.278 948.011 954.524
18700.000 946.852 953.251 946.023
18800.000 948.924 950.117 950.891
18900.000 947.400 953.062 947.975
19000.000 950.294 947.140 943.177
19100.000 951.684 948.828 945.757
19200.000 947.632 953.450 947.483
19300.000 951.028 951.996 948.954
19400.000 948.189 951.629 952.685
19500.000 948.688 946.951 950.595
19600.000 949.859 945.152 947.935
19700.000 954.639 952.108 948.312
19800.000 955.648 940.885 953.487
19900.000 956.091 950.273 952.467
20000.000 954.520 951.497 951.057
