      0.000  934.691
    100.000  940.302
    200.000  944.041
    300.000  942.361
    400.000  944.575
    500.000  944.731
    600.000  946.186
    700.000  946.603
    800.000  940.312
    900.000  945.595
   1000.000  943.239
   1100.000  952.199
   1200.000  943.305
   1300.000  947.154
   1400.000  945.894
   1500.000  947.005
   1600.000  945.575
   1700.000  952.319
   1800.000  954.282
   1900.000  948.198
   2000.000  947.263
   2100.000  957.446
   2200.000  953.251
   2300.000  949.631
   2400.000  948.276
   2500.000  953.167
   2600.000  946.401
   2700.000  952.408
   2800.000  950.974
   2900.000  948.083
   3000.000  950.197
   3100.000  953.675
   3200.000  947.779
   3300.000  953.901
   3400.000  947.042
   3500.000  950.963
   3600.000  955.919
   3700.000  956.359
   3800.000  954.681
   3900.000  956.526
   4000.000  952.938
   4100.000  950.971
   4200.000  951.430
   4300.000  951.257
   4400.000  950.485
   4500.000  950.985
   4600.000  949.819
   4700.000  952.526
   4800.000  952.705
   4900.000  952.061
   5000.000  945.350
   5100.000  955.375
   5200.000  953.506
   5300.000  953.257
   5400.000  956.494
   5500.000  953.759
   5600.000  954.404
   5700.000  954.603
   5800.000  958.459
   5900.000  953.196
   6000.000  948.879
   6100.000  950.849
   6200.000  957.763
   6300.000  953.405
   6400.000  960.033
   6500.000  952.131
   6600.000  952.073
   6700.000  959.309
   6800.000  958.161
   6900.000  952.667
   7000.000  953.119
   7100.000  949.475
   7200.000  949.973
   7300.000  951.522
   7400.000  949.376
   7500.000  946.811
   7600.000  953.725
   7700.000  951.887
   7800.000  948.464
   7900.000  953.367
   8000.000  958.797
   8100.000  954.247
   8200.000  953.274
   8300.000  947.988
   8400.000  952.175
   8500.000  952.327
   8600.000  947.180
   8700.000  954.846
   8800.000  954.772
   8900.000  950.564
   9000.000  952.837
   9100.000  951.676
   9200.000  952.757
   9300.000  953.950
   9400.000  952.068
   9500.000  955.224
   9600.000  952.674
   9700.000  954.672
   9800.000  947.649
   9900.000  951.390
  10000.000  950.831
  10100.000  950.334
  10200.000  947.908
  10300.000  949.105
  10400.000  947.364
  10500.000  951.421
  10600.000  951.421
  10700.000  942.370
  10800.000  949.307
  10900.000  949.126
  11000.000  945.920
  11100.000  941.583
  11200.000  948.684
  11300.000  941.668
  11400.000  948.269
  11500.000  943.653
  11600.000  942.433
  11700.000  946.708
  11800.000  944.667
  11900.000  944.001
  12000.000  945.112
  12100.000  945.343
  12200.000  947.706
  12300.000  941.426
  12400.000  940.663
  12500.000  947.894
  12600.000  941.415
  12700.000  948.692
  12800.000  949.973
  12900.000  946.421
  13000.000  947.088
  13100.000  946.845
  13200.000  948.190
  13300.000  945.668
  13400.000  942.922
  13500.000  943.652
  13600.000  945.539
  13700.000  947.713
  13800.000  953.075
  13900.000  944.502
  14000.000  950.508
  14100.000  943.138
  14200.000  950.491
  14300.000  952.231
  14400.000  944.822
  14500.000  949.340
  14600.000  949.947
  14700.000  948.899
  14800.000  944.318
  14900.000  947.057
  15000.000  946.281
  15100.000  946.296
  15200.000  946.566
  15300.000  952.629
  15400.000  951.781
  15500.000  945.891
  15600.000  946.178
  15700.000  953.349
  15800.000  949.199
  15900.000  950.550
  16000.000  947.266
  16100.000  942.122
  16200.000  945.865
  16300.000  947.744
  16400.000  944.676
  16500.000  947.580
  16600.000  942.632
  16700.000  949.380
  16800.000  949.869
  16900.000  944.719
  17000.000  950.688
  17100.000  946.444
  17200.000  948.787
  17300.000  942.203
  17400.000  948.822
  17500.000  947.282
  17600.000  948.612
  17700.000  949.358
  17800.000  946.643
  17900.000  949.784
  18000.000  947.097
  18100.000  951.247
  18200.000  949.329
  18300.000  951.587
  18400.000  946.489
  18500.000  946.937
  18600.000  948.247
  18700.000  946.412
  18800.000  945.532
  18900.000  943.856
  19000.000  948.537
  19100.000  944.602
  19200.000  942.104
  19300.000  943.192
  19400.000  949.335
  19500.000  950.614
  19600.000  952.237
  19700.000  947.297
  19800.000  948.312
  19900.000  949.906
  20000.000  948.858
